2248502,-1109032,-67.21853,116.254
2248488,-1109046,-67.21858,116.2544
2248474,-1109060,-67.21864,116.2548
2248459,-1109074,-67.2187,116.2553
2248444,-1109088,-67.21877,116.2557
2248430,-1109102,-67.21883,116.2561
2248416,-1109116,-67.21888,116.2566
2248402,-1109130,-67.21894,116.257
2248386,-1109143,-67.219,116.2574
2248373,-1109157,-67.21906,116.2578
2248358,-1109171,-67.21912,116.2583
2248344,-1109185,-67.21918,116.2587
2248330,-1109199,-67.21924,116.2591
2248315,-1109213,-67.2193,116.2596
2248301,-1109227,-67.21936,116.26
2248286,-1109241,-67.21942,116.2604
2248272,-1109254,-67.21948,116.2609
2248258,-1109268,-67.21954,116.2613
2248244,-1109283,-67.2196,116.2617
2248228,-1109297,-67.21966,116.2622
2248215,-1109310,-67.21972,116.2626
2248200,-1109324,-67.21978,116.263
2248187,-1109338,-67.21983,116.2634
2248172,-1109353,-67.21989,116.2639
2248157,-1109366,-67.21996,116.2643
2248143,-1109380,-67.22002,116.2647
2248128,-1109393,-67.22008,116.2651
2248114,-1109407,-67.22014,116.2656
2248100,-1109422,-67.22019,116.266
2248086,-1109436,-67.22025,116.2664
2248072,-1109450,-67.22031,116.2669
2248058,-1109464,-67.22037,116.2673
2248042,-1109478,-67.22043,116.2678
2248029,-1109492,-67.22048,116.2682
2248014,-1109506,-67.22054,116.2686
2248000,-1109520,-67.2206,116.269
2247986,-1109533,-67.22066,116.2695
2247970,-1109547,-67.22073,116.2699
2247956,-1109561,-67.22079,116.2703
2247943,-1109576,-67.22084,116.2708
2247928,-1109588,-67.2209,116.2712
2247914,-1109603,-67.22096,116.2716
2247900,-1109617,-67.22102,116.272
2247885,-1109630,-67.22108,116.2725
2247871,-1109644,-67.22114,116.2729
2247856,-1109658,-67.2212,116.2733
2247842,-1109672,-67.22126,116.2738
2247828,-1109686,-67.22132,116.2742
2247814,-1109699,-67.22138,116.2746
2247799,-1109713,-67.22144,116.275
2247785,-1109728,-67.2215,116.2755
2247770,-1109741,-67.22156,116.2759
2247756,-1109755,-67.22162,116.2763
2247742,-1109768,-67.22168,116.2767
2247726,-1109782,-67.22174,116.2772
2247713,-1109796,-67.22179,116.2776
2247700,-1109810,-67.22186,116.278
2247685,-1109823,-67.22192,116.2785
2247670,-1109837,-67.22198,116.2789
2247656,-1109851,-67.22204,116.2793
2247642,-1109865,-67.22209,116.2797
2247628,-1109879,-67.22215,116.2802
2247613,-1109892,-67.22221,116.2806
2247599,-1109906,-67.22227,116.281
2247585,-1109920,-67.22234,116.2814
2247570,-1109933,-67.2224,116.2819
2247556,-1109948,-67.22245,116.2823
2247542,-1109961,-67.22251,116.2827
2247527,-1109975,-67.22257,116.2831
2247513,-1109988,-67.22263,116.2836
2247498,-1110003,-67.22269,116.284
2247484,-1110016,-67.22275,116.2844
2247471,-1110030,-67.22281,116.2849
2247456,-1110044,-67.22287,116.2853
2247441,-1110058,-67.22293,116.2857
2247428,-1110071,-67.22299,116.2861
2247414,-1110085,-67.22305,116.2866
2247398,-1110099,-67.22311,116.287
2247385,-1110112,-67.22317,116.2874
2247370,-1110126,-67.22323,116.2878
2247356,-1110140,-67.22329,116.2883
2247341,-1110154,-67.22335,116.2887
2247327,-1110168,-67.2234,116.2891
2247313,-1110181,-67.22346,116.2895
2247298,-1110195,-67.22353,116.29
2247284,-1110209,-67.22359,116.2904
2247270,-1110222,-67.22365,116.2908
2247256,-1110236,-67.2237,116.2912
2247241,-1110250,-67.22376,116.2917
2247227,-1110264,-67.22382,116.2921
2247213,-1110277,-67.22388,116.2925
2247199,-1110291,-67.22394,116.2929
2247185,-1110305,-67.224,116.2934
2247170,-1110318,-67.22406,116.2938
2247156,-1110332,-67.22412,116.2942
2247142,-1110345,-67.22417,116.2946
2247128,-1110359,-67.22424,116.2951
2247113,-1110374,-67.2243,116.2955
2247099,-1110387,-67.22436,116.2959
2247086,-1110401,-67.22441,116.2963
2247071,-1110415,-67.22447,116.2968
2247056,-1110428,-67.22453,116.2972
2247042,-1110442,-67.22459,116.2976
2247028,-1110456,-67.22465,116.298
2247014,-1110469,-67.22471,116.2985
2247000,-1110483,-67.22477,116.2989
2246985,-1110496,-67.22483,116.2993
2246971,-1110510,-67.22488,116.2998
2246957,-1110525,-67.22495,116.3002
2246942,-1110538,-67.22501,116.3006
2246928,-1110552,-67.22507,116.301
2246914,-1110566,-67.22513,116.3015
2246901,-1110579,-67.22518,116.3019
2246886,-1110592,-67.22524,116.3023
2246872,-1110606,-67.2253,116.3027
2246858,-1110620,-67.22536,116.3032
2246843,-1110634,-67.22542,116.3036
2246829,-1110647,-67.22548,116.304
2246816,-1110661,-67.22553,116.3044
2246800,-1110675,-67.22559,116.3049
2246787,-1110688,-67.22565,116.3053
2246772,-1110702,-67.22572,116.3057
2246759,-1110716,-67.22577,116.3061
2246744,-1110730,-67.22583,116.3066
2246730,-1110743,-67.22589,116.307
2246716,-1110757,-67.22594,116.3074
2246702,-1110771,-67.22601,116.3078
2246686,-1110785,-67.22607,116.3083
2246674,-1110798,-67.22612,116.3087
2246659,-1110812,-67.22618,116.3091
2246645,-1110826,-67.22624,116.3095
2246632,-1110839,-67.2263,116.3099
2246617,-1110854,-67.22636,116.3104
2246603,-1110866,-67.22642,116.3108
2246589,-1110881,-67.22647,116.3112
2246574,-1110894,-67.22653,116.3116
2246560,-1110908,-67.22659,116.3121
2246546,-1110921,-67.22665,116.3125
2246532,-1110936,-67.22671,116.3129
2246518,-1110950,-67.22676,116.3133
2246504,-1110963,-67.22682,116.3138
2246490,-1110976,-67.22688,116.3142
2246476,-1110990,-67.22694,116.3146
2246462,-1111004,-67.227,116.315
2246448,-1111018,-67.22705,116.3155
2246434,-1111031,-67.22711,116.3159
2246419,-1111045,-67.22717,116.3163
2246405,-1111059,-67.22723,116.3167
2246392,-1111072,-67.22729,116.3171
2246378,-1111086,-67.22734,116.3176
2246363,-1111100,-67.2274,116.318
2246349,-1111114,-67.22746,116.3184
2246335,-1111127,-67.22752,116.3188
2246322,-1111141,-67.22757,116.3193
2246307,-1111155,-67.22763,116.3197
2246293,-1111168,-67.22769,116.3201
2246279,-1111182,-67.22775,116.3205
2246265,-1111197,-67.22781,116.321
2246251,-1111210,-67.22786,116.3214
2246237,-1111224,-67.22792,116.3218
2246224,-1111237,-67.22797,116.3222
2246209,-1111251,-67.22803,116.3227
2246196,-1111265,-67.22809,116.3231
2246180,-1111278,-67.22815,116.3235
2246168,-1111292,-67.2282,116.3239
2246152,-1111306,-67.22826,116.3243
2246138,-1111320,-67.22832,116.3248
2246125,-1111333,-67.22838,116.3252
2246111,-1111347,-67.22843,116.3256
2246097,-1111361,-67.22849,116.326
2246082,-1111374,-67.22855,116.3265
2246068,-1111388,-67.22861,116.3269
2246054,-1111401,-67.22867,116.3273
2246040,-1111415,-67.22872,116.3277
2246026,-1111430,-67.22878,116.3282
2246013,-1111443,-67.22884,116.3286
2245998,-1111456,-67.2289,116.329
2245985,-1111470,-67.22895,116.3294
2245970,-1111484,-67.22901,116.3298
2245958,-1111497,-67.22906,116.3303
2245942,-1111511,-67.22913,116.3307
2245929,-1111525,-67.22918,116.3311
2245914,-1111538,-67.22924,116.3315
2245901,-1111552,-67.22929,116.3319
2245886,-1111566,-67.22935,116.3324
2245873,-1111580,-67.22941,116.3328
2245859,-1111593,-67.22947,116.3332
2245845,-1111607,-67.22952,116.3336
2245831,-1111621,-67.22958,116.3341
2245818,-1111634,-67.22964,116.3345
2245802,-1111648,-67.2297,116.3349
2245789,-1111662,-67.22975,116.3353
2245774,-1111676,-67.22981,116.3358
2245761,-1111689,-67.22987,116.3362
2245747,-1111702,-67.22993,116.3366
2245733,-1111716,-67.22998,116.337
2245718,-1111730,-67.23004,116.3374
2245705,-1111744,-67.23009,116.3379
2245691,-1111757,-67.23015,116.3383
2245678,-1111771,-67.23021,116.3387
2245663,-1111785,-67.23027,116.3391
2245649,-1111798,-67.23032,116.3396
2245636,-1111812,-67.23038,116.34
2245622,-1111826,-67.23044,116.3404
2245608,-1111840,-67.23049,116.3408
2245593,-1111853,-67.23055,116.3412
2245580,-1111866,-67.23061,116.3417
2245566,-1111881,-67.23067,116.3421
2245552,-1111894,-67.23072,116.3425
2245538,-1111907,-67.23078,116.3429
2245524,-1111921,-67.23083,116.3433
2245510,-1111936,-67.2309,116.3438
2245496,-1111949,-67.23095,116.3442
2245481,-1111962,-67.23101,116.3446
2245469,-1111976,-67.23106,116.345
2245453,-1111990,-67.23112,116.3455
2245440,-1112003,-67.23118,116.3459
2245427,-1112017,-67.23123,116.3463
2245412,-1112030,-67.23129,116.3467
2245398,-1112044,-67.23135,116.3471
2245384,-1112058,-67.23141,116.3476
2245370,-1112071,-67.23146,116.348
2245357,-1112085,-67.23152,116.3484
2245342,-1112099,-67.23158,116.3488
2245329,-1112113,-67.23164,116.3492
2245315,-1112126,-67.23169,116.3497
2245301,-1112139,-67.23175,116.3501
2245288,-1112154,-67.2318,116.3505
2245272,-1112167,-67.23186,116.3509
2245260,-1112180,-67.23192,116.3513
2245244,-1112194,-67.23198,116.3518
2245231,-1112208,-67.23203,116.3522
2245217,-1112221,-67.23209,116.3526
2245204,-1112235,-67.23215,116.353
2245189,-1112249,-67.23221,116.3534
2245175,-1112262,-67.23226,116.3539
2245161,-1112276,-67.23232,116.3543
2245148,-1112290,-67.23238,116.3547
2245133,-1112303,-67.23244,116.3551
2245119,-1112316,-67.2325,116.3555
2245106,-1112330,-67.23255,116.356
2245092,-1112344,-67.2326,116.3564
2245078,-1112358,-67.23267,116.3568
2245063,-1112370,-67.23273,116.3572
2245050,-1112384,-67.23278,116.3576
2245036,-1112398,-67.23284,116.3581
2245022,-1112412,-67.23289,116.3585
2245007,-1112424,-67.23296,116.3589
2244994,-1112438,-67.23301,116.3593
2244980,-1112452,-67.23307,116.3597
2244966,-1112466,-67.23312,116.3602
2244952,-1112479,-67.23318,116.3606
2244938,-1112492,-67.23324,116.361
2244924,-1112507,-67.2333,116.3614
2244911,-1112520,-67.23335,116.3618
2244896,-1112533,-67.23341,116.3623
2244883,-1112547,-67.23347,116.3627
2244868,-1112561,-67.23353,116.3631
2244854,-1112574,-67.23359,116.3635
2244840,-1112588,-67.23364,116.3639
2244826,-1112601,-67.2337,116.3643
2244812,-1112615,-67.23376,116.3648
2244798,-1112628,-67.23382,116.3652
2244785,-1112642,-67.23387,116.3656
2244770,-1112655,-67.23393,116.366
2244757,-1112669,-67.23399,116.3665
2244742,-1112683,-67.23405,116.3669
2244729,-1112696,-67.2341,116.3673
2244714,-1112710,-67.23416,116.3677
2244701,-1112723,-67.23421,116.3681
2244687,-1112737,-67.23428,116.3685
2244674,-1112751,-67.23433,116.369
2244660,-1112764,-67.23439,116.3694
2244646,-1112777,-67.23444,116.3698
2244631,-1112791,-67.2345,116.3702
2244618,-1112804,-67.23456,116.3706
2244603,-1112818,-67.23462,116.3711
2244590,-1112832,-67.23467,116.3715
2244576,-1112845,-67.23473,116.3719
2244562,-1112858,-67.23479,116.3723
2244548,-1112872,-67.23485,116.3727
2244534,-1112886,-67.2349,116.3732
2244520,-1112898,-67.23496,116.3736
2244506,-1112912,-67.23502,116.374
2244492,-1112926,-67.23508,116.3744
2244478,-1112939,-67.23514,116.3748
2244464,-1112953,-67.23519,116.3752
2244450,-1112966,-67.23524,116.3757
2244436,-1112980,-67.23531,116.3761
2244423,-1112994,-67.23536,116.3765
2244409,-1113007,-67.23542,116.3769
2244395,-1113021,-67.23547,116.3773
2244380,-1113035,-67.23553,116.3778
2244367,-1113048,-67.23559,116.3782
2244353,-1113060,-67.23565,116.3786
2244340,-1113075,-67.2357,116.379
2244324,-1113088,-67.23576,116.3794
2244311,-1113102,-67.23582,116.3798
2244298,-1113115,-67.23588,116.3802
2244284,-1113129,-67.23593,116.3807
2244269,-1113142,-67.23599,116.3811
2244256,-1113156,-67.23605,116.3815
2244242,-1113169,-67.23611,116.3819
2244228,-1113183,-67.23616,116.3823
2244213,-1113196,-67.23622,116.3828
2244200,-1113209,-67.23627,116.3832
2244186,-1113222,-67.23634,116.3836
2244172,-1113237,-67.23639,116.384
2244158,-1113250,-67.23645,116.3844
2244144,-1113264,-67.2365,116.3848
2244130,-1113276,-67.23656,116.3853
2244116,-1113290,-67.23662,116.3857
2244103,-1113304,-67.23668,116.3861
2244090,-1113317,-67.23673,116.3865
2244076,-1113331,-67.23679,116.3869
2244062,-1113344,-67.23685,116.3874
2244047,-1113358,-67.23691,116.3878
2244034,-1113371,-67.23696,116.3882
2244021,-1113385,-67.23701,116.3886
2244005,-1113399,-67.23708,116.389
2243992,-1113411,-67.23713,116.3894
2243978,-1113425,-67.23719,116.3898
2243964,-1113439,-67.23724,116.3903
2243950,-1113452,-67.2373,116.3907
2243936,-1113466,-67.23736,116.3911
2243923,-1113479,-67.23742,116.3915
2243909,-1113493,-67.23747,116.3919
2243894,-1113506,-67.23753,116.3924
2243882,-1113519,-67.23759,116.3928
2243868,-1113533,-67.23764,116.3932
2243854,-1113547,-67.2377,116.3936
2243840,-1113560,-67.23775,116.394
2243826,-1113573,-67.23782,116.3944
2243812,-1113587,-67.23787,116.3948
2243798,-1113600,-67.23793,116.3953
2243784,-1113614,-67.23798,116.3957
2243771,-1113627,-67.23804,116.3961
2243757,-1113641,-67.2381,116.3965
2243742,-1113654,-67.23816,116.3969
2243729,-1113667,-67.23821,116.3974
2243715,-1113681,-67.23827,116.3978
2243702,-1113694,-67.23833,116.3982
2243688,-1113708,-67.23838,116.3986
2243673,-1113721,-67.23844,116.399
2243660,-1113735,-67.23849,116.3994
2243647,-1113748,-67.23855,116.3998
2243632,-1113762,-67.23861,116.4003
2243619,-1113775,-67.23866,116.4007
2243604,-1113788,-67.23872,116.4011
2243591,-1113802,-67.23878,116.4015
2243576,-1113815,-67.23884,116.4019
2243563,-1113829,-67.23889,116.4024
2243550,-1113843,-67.23895,116.4028
2243536,-1113856,-67.23901,116.4032
2243522,-1113869,-67.23906,116.4036
2243508,-1113883,-67.23912,116.404
2243494,-1113896,-67.23917,116.4044
2243480,-1113910,-67.23923,116.4049
2243466,-1113924,-67.23929,116.4053
2243453,-1113937,-67.23934,116.4057
2243439,-1113950,-67.2394,116.4061
2243425,-1113964,-67.23946,116.4065
2243411,-1113977,-67.23952,116.4069
2243398,-1113991,-67.23957,116.4073
2243384,-1114004,-67.23962,116.4078
2243369,-1114018,-67.23969,116.4082
2243357,-1114031,-67.23974,116.4086
2243342,-1114044,-67.2398,116.409
2243328,-1114058,-67.23985,116.4094
2243314,-1114071,-67.23991,116.4098
2243300,-1114085,-67.23997,116.4103
2243287,-1114099,-67.24002,116.4107
2243272,-1114112,-67.24008,116.4111
2243259,-1114125,-67.24014,116.4115
2243246,-1114139,-67.2402,116.4119
2243232,-1114152,-67.24025,116.4123
2243217,-1114166,-67.24031,116.4128
2243204,-1114179,-67.24036,116.4132
2243190,-1114193,-67.24042,116.4136
2243176,-1114206,-67.24048,116.414
2243163,-1114220,-67.24053,116.4144
2243149,-1114234,-67.24059,116.4148
2243135,-1114246,-67.24065,116.4153
2243122,-1114260,-67.2407,116.4157
2243107,-1114273,-67.24076,116.4161
2243093,-1114287,-67.24081,116.4165
2243080,-1114301,-67.24087,116.4169
2243066,-1114314,-67.24093,116.4173
2243053,-1114328,-67.24098,116.4178
2243037,-1114341,-67.24104,116.4182
2243024,-1114354,-67.2411,116.4186
2243011,-1114368,-67.24115,116.419
2242996,-1114381,-67.24121,116.4194
2242983,-1114395,-67.24126,116.4198
2242968,-1114409,-67.24133,116.4203
2242955,-1114421,-67.24138,116.4207
2242941,-1114436,-67.24144,116.4211
2242928,-1114449,-67.24149,116.4215
2242914,-1114462,-67.24155,116.4219
2242900,-1114476,-67.24161,116.4224
2242886,-1114489,-67.24166,116.4228
2242871,-1114503,-67.24172,116.4232
2242859,-1114516,-67.24178,116.4236
2242843,-1114530,-67.24184,116.424
2242830,-1114544,-67.24189,116.4244
2242817,-1114557,-67.24194,116.4249
2242803,-1114570,-67.242,116.4253
2242789,-1114584,-67.24206,116.4257
2242776,-1114598,-67.24211,116.4261
2242762,-1114610,-67.24217,116.4265
2242748,-1114625,-67.24223,116.4269
2242733,-1114638,-67.24229,116.4274
2242720,-1114651,-67.24234,116.4278
2242706,-1114665,-67.24239,116.4282
2242692,-1114678,-67.24245,116.4286
2242678,-1114692,-67.24251,116.429
2242664,-1114706,-67.24257,116.4295
2242651,-1114719,-67.24262,116.4299
2242637,-1114732,-67.24268,116.4303
2242623,-1114746,-67.24274,116.4307
2242610,-1114760,-67.24279,116.4311
2242595,-1114773,-67.24285,116.4315
2242582,-1114787,-67.2429,116.432
2242568,-1114800,-67.24296,116.4324
2242554,-1114814,-67.24302,116.4328
2242541,-1114828,-67.24307,116.4332
2242526,-1114841,-67.24313,116.4336
2242512,-1114855,-67.24319,116.4341
2242499,-1114868,-67.24324,116.4345
2242484,-1114882,-67.2433,116.4349
2242471,-1114895,-67.24335,116.4353
2242456,-1114909,-67.24342,116.4357
2242443,-1114922,-67.24347,116.4361
2242430,-1114936,-67.24352,116.4366
2242415,-1114949,-67.24358,116.437
2242402,-1114963,-67.24364,116.4374
2242388,-1114976,-67.2437,116.4378
2242374,-1114989,-67.24375,116.4382
2242360,-1115004,-67.2438,116.4387
2242346,-1115017,-67.24387,116.4391
2242332,-1115030,-67.24392,116.4395
2242319,-1115044,-67.24397,116.4399
2242304,-1115058,-67.24403,116.4403
2242291,-1115072,-67.24409,116.4408
2242276,-1115085,-67.24415,116.4412
2242262,-1115099,-67.2442,116.4416
2242249,-1115113,-67.24426,116.442
2242236,-1115126,-67.24432,116.4424
2242222,-1115140,-67.24437,116.4428
2242207,-1115153,-67.24443,116.4433
2242194,-1115167,-67.24448,116.4437
2242180,-1115180,-67.24454,116.4441
2242166,-1115193,-67.2446,116.4445
2242151,-1115207,-67.24466,116.445
2242138,-1115221,-67.24471,116.4454
2242125,-1115235,-67.24477,116.4458
2242110,-1115248,-67.24483,116.4462
2242096,-1115262,-67.24488,116.4466
2242082,-1115275,-67.24494,116.4471
2242068,-1115289,-67.245,116.4475
2242055,-1115303,-67.24505,116.4479
2242040,-1115316,-67.24511,116.4483
2242026,-1115330,-67.24516,116.4487
2242013,-1115343,-67.24522,116.4492
2241999,-1115357,-67.24528,116.4496
2241985,-1115370,-67.24534,116.45
2241971,-1115384,-67.24539,116.4504
2241958,-1115398,-67.24545,116.4508
2241943,-1115412,-67.24551,116.4513
2241929,-1115426,-67.24556,116.4517
2241915,-1115438,-67.24562,116.4521
2241902,-1115452,-67.24567,116.4525
2241886,-1115466,-67.24574,116.4529
2241873,-1115480,-67.24579,116.4534
2241860,-1115494,-67.24584,116.4538
2241846,-1115507,-67.2459,116.4542
2241831,-1115520,-67.24596,116.4546
2241817,-1115534,-67.24602,116.4551
2241804,-1115548,-67.24607,116.4555
2241790,-1115562,-67.24613,116.4559
2241776,-1115576,-67.24619,116.4563
2241762,-1115589,-67.24625,116.4567
2241748,-1115602,-67.2463,116.4572
2241734,-1115616,-67.24636,116.4576
2241720,-1115630,-67.24641,116.458
2241706,-1115643,-67.24648,116.4584
2241692,-1115657,-67.24653,116.4589
2241678,-1115671,-67.24658,116.4593
2241663,-1115685,-67.24664,116.4597
2241650,-1115698,-67.2467,116.4601
2241636,-1115712,-67.24676,116.4605
2241622,-1115725,-67.24681,116.461
2241608,-1115739,-67.24687,116.4614
2241593,-1115752,-67.24693,116.4618
2241580,-1115766,-67.24699,116.4622
2241565,-1115780,-67.24705,116.4627
2241552,-1115793,-67.2471,116.4631
2241538,-1115807,-67.24716,116.4635
2241524,-1115821,-67.24722,116.4639
2241509,-1115834,-67.24728,116.4644
2241496,-1115848,-67.24733,116.4648
2241481,-1115861,-67.24739,116.4652
2241467,-1115875,-67.24744,116.4656
2241453,-1115890,-67.24751,116.466
2241440,-1115903,-67.24756,116.4665
2241425,-1115916,-67.24762,116.4669
2241412,-1115930,-67.24767,116.4673
2241397,-1115944,-67.24773,116.4677
2241382,-1115958,-67.2478,116.4682
2241369,-1115972,-67.24785,116.4686
2241355,-1115985,-67.24791,116.469
2241341,-1115999,-67.24796,116.4694
2241326,-1116012,-67.24802,116.4699
2241313,-1116026,-67.24808,116.4703
2241299,-1116039,-67.24814,116.4707
2241284,-1116053,-67.2482,116.4711
2241270,-1116067,-67.24825,116.4715
2241256,-1116080,-67.24831,116.472
2241242,-1116094,-67.24837,116.4724
2241228,-1116108,-67.24843,116.4728
2241213,-1116121,-67.24849,116.4732
2241199,-1116135,-67.24854,116.4737
2241186,-1116149,-67.2486,116.4741
2241172,-1116163,-67.24866,116.4745
2241157,-1116176,-67.24872,116.4749
2241143,-1116190,-67.24878,116.4754
2241129,-1116204,-67.24883,116.4758
2241114,-1116218,-67.24889,116.4762
2241100,-1116230,-67.24895,116.4766
2241086,-1116244,-67.24901,116.4771
2241072,-1116259,-67.24907,116.4775
2241058,-1116271,-67.24913,116.4779
2241044,-1116286,-67.24918,116.4783
2241030,-1116299,-67.24924,116.4788
2241016,-1116312,-67.24931,116.4792
2241002,-1116327,-67.24936,116.4796
2240987,-1116340,-67.24942,116.48
2240972,-1116354,-67.24948,116.4805
2240959,-1116368,-67.24953,116.4809
2240945,-1116381,-67.2496,116.4813
2240930,-1116395,-67.24966,116.4817
2240915,-1116408,-67.24972,116.4822
2240902,-1116422,-67.24977,116.4826
2240888,-1116436,-67.24983,116.483
2240874,-1116448,-67.24989,116.4834
2240860,-1116463,-67.24995,116.4839
2240845,-1116476,-67.25001,116.4843
2240831,-1116490,-67.25007,116.4847
2240817,-1116504,-67.25012,116.4851
2240803,-1116517,-67.25018,116.4855
2240788,-1116530,-67.25024,116.486
2240773,-1116544,-67.25031,116.4864
2240760,-1116558,-67.25036,116.4868
2240746,-1116572,-67.25042,116.4873
2240731,-1116586,-67.25048,116.4877
2240717,-1116598,-67.25054,116.4881
2240703,-1116613,-67.2506,116.4885
2240688,-1116626,-67.25066,116.4889
2240675,-1116640,-67.25072,116.4894
2240660,-1116653,-67.25078,116.4898
2240646,-1116667,-67.25083,116.4902
2240631,-1116681,-67.25089,116.4906
2240618,-1116694,-67.25095,116.4911
2240602,-1116707,-67.25101,116.4915
2240588,-1116722,-67.25108,116.4919
2240574,-1116735,-67.25114,116.4923
2240560,-1116749,-67.25119,116.4928
2240546,-1116762,-67.25125,116.4932
2240531,-1116776,-67.25131,116.4936
2240518,-1116790,-67.25137,116.494
2240502,-1116803,-67.25143,116.4945
2240488,-1116817,-67.25149,116.4949
2240474,-1116831,-67.25155,116.4953
2240460,-1116844,-67.25161,116.4957
2240445,-1116857,-67.25167,116.4962
2240432,-1116870,-67.25173,116.4966
2240417,-1116884,-67.25179,116.497
2240403,-1116898,-67.25185,116.4974
2240388,-1116912,-67.25191,116.4979
2240374,-1116925,-67.25197,116.4983
2240360,-1116938,-67.25203,116.4987
2240345,-1116952,-67.25209,116.4991
2240331,-1116966,-67.25215,116.4995
2240317,-1116979,-67.2522,116.5
2240303,-1116994,-67.25227,116.5004
2240288,-1117007,-67.25233,116.5008
2240274,-1117020,-67.25239,116.5012
2240260,-1117034,-67.25245,116.5017
2240244,-1117047,-67.25251,116.5021
2240230,-1117060,-67.25257,116.5025
2240217,-1117075,-67.25262,116.5029
2240202,-1117089,-67.25269,116.5034
2240188,-1117102,-67.25275,116.5038
2240174,-1117115,-67.25281,116.5042
2240159,-1117129,-67.25287,116.5046
2240144,-1117143,-67.25293,116.5051
2240131,-1117156,-67.25299,116.5055
2240117,-1117170,-67.25304,116.5059
2240102,-1117184,-67.25311,116.5063
2240087,-1117197,-67.25317,116.5068
2240073,-1117211,-67.25323,116.5072
2240059,-1117224,-67.25329,116.5076
2240045,-1117237,-67.25334,116.508
2240031,-1117251,-67.2534,116.5085
2240016,-1117265,-67.25346,116.5089
2240002,-1117278,-67.25352,116.5093
2239987,-1117292,-67.25359,116.5097
2239972,-1117306,-67.25365,116.5102
2239959,-1117319,-67.2537,116.5106
2239945,-1117333,-67.25376,116.511
2239930,-1117346,-67.25382,116.5114
2239916,-1117360,-67.25388,116.5119
2239902,-1117374,-67.25394,116.5123
2239888,-1117387,-67.254,116.5127
2239873,-1117401,-67.25406,116.5131
2239858,-1117415,-67.25412,116.5136
2239845,-1117428,-67.25417,116.514
2239830,-1117442,-67.25423,116.5144
2239816,-1117456,-67.2543,116.5148
2239801,-1117469,-67.25436,116.5153
2239788,-1117483,-67.25441,116.5157
2239774,-1117497,-67.25447,116.5161
2239759,-1117511,-67.25453,116.5165
2239744,-1117524,-67.25459,116.517
2239731,-1117538,-67.25465,116.5174
2239716,-1117551,-67.25471,116.5178
2239702,-1117565,-67.25477,116.5182
2239689,-1117579,-67.25482,116.5187
2239674,-1117592,-67.25488,116.5191
2239659,-1117606,-67.25494,116.5195
2239645,-1117620,-67.255,116.52
2239632,-1117634,-67.25506,116.5204
2239616,-1117647,-67.25512,116.5208
2239603,-1117660,-67.25517,116.5212
2239589,-1117674,-67.25523,116.5217
2239574,-1117688,-67.25529,116.5221
2239560,-1117702,-67.25535,116.5225
2239546,-1117716,-67.25541,116.5229
2239531,-1117729,-67.25547,116.5234
2239518,-1117743,-67.25552,116.5238
2239503,-1117756,-67.25558,116.5242
2239489,-1117771,-67.25565,116.5246
2239476,-1117784,-67.2557,116.5251
2239461,-1117798,-67.25576,116.5255
2239447,-1117811,-67.25581,116.5259
2239432,-1117825,-67.25587,116.5263
2239418,-1117839,-67.25594,116.5268
2239404,-1117852,-67.25599,116.5272
2239390,-1117866,-67.25605,116.5276
2239376,-1117880,-67.2561,116.528
2239362,-1117894,-67.25616,116.5285
2239348,-1117908,-67.25622,116.5289
2239334,-1117921,-67.25628,116.5293
2239318,-1117935,-67.25634,116.5297
2239305,-1117948,-67.25639,116.5302
2239290,-1117962,-67.25645,116.5306
2239276,-1117976,-67.25651,116.531
2239263,-1117990,-67.25657,116.5314
2239249,-1118004,-67.25662,116.5319
2239234,-1118018,-67.25668,116.5323
2239221,-1118032,-67.25674,116.5327
2239206,-1118045,-67.2568,116.5331
2239192,-1118059,-67.25685,116.5336
2239178,-1118072,-67.25691,116.534
2239164,-1118086,-67.25697,116.5344
2239150,-1118100,-67.25703,116.5349
2239136,-1118114,-67.25708,116.5353
2239122,-1118128,-67.25714,116.5357
2239108,-1118142,-67.25719,116.5361
2239094,-1118156,-67.25726,116.5366
2239079,-1118169,-67.25731,116.537
2239066,-1118182,-67.25737,116.5374
2239052,-1118196,-67.25742,116.5378
2239037,-1118210,-67.25748,116.5383
2239023,-1118224,-67.25754,116.5387
2239010,-1118238,-67.25759,116.5391
2238995,-1118252,-67.25765,116.5395
2238982,-1118266,-67.25771,116.54
2238967,-1118279,-67.25777,116.5404
2238953,-1118293,-67.25782,116.5408
2238939,-1118307,-67.25788,116.5412
2238925,-1118321,-67.25793,116.5417
2238912,-1118335,-67.25799,116.5421
2238898,-1118348,-67.25805,116.5425
2238884,-1118362,-67.2581,116.5429
2238870,-1118376,-67.25816,116.5434
2238856,-1118390,-67.25822,116.5438
2238842,-1118404,-67.25827,116.5442
2238828,-1118418,-67.25832,116.5446
2238814,-1118431,-67.25838,116.5451
2238800,-1118444,-67.25844,116.5455
2238785,-1118458,-67.2585,116.5459
2238772,-1118472,-67.25855,116.5463
2238758,-1118486,-67.25861,116.5468
2238743,-1118500,-67.25867,116.5472
2238730,-1118514,-67.25872,116.5476
2238716,-1118527,-67.25877,116.548
2238702,-1118541,-67.25883,116.5485
2238688,-1118555,-67.25889,116.5489
2238674,-1118569,-67.25894,116.5493
2238659,-1118583,-67.259,116.5498
2238646,-1118596,-67.25906,116.5502
2238633,-1118610,-67.25911,116.5506
2238617,-1118624,-67.25917,116.551
2238604,-1118638,-67.25922,116.5515
2238590,-1118652,-67.25928,116.5519
2238576,-1118665,-67.25934,116.5523
2238562,-1118679,-67.25939,116.5527
2238549,-1118693,-67.25945,116.5531
2238534,-1118706,-67.25951,116.5536
2238521,-1118720,-67.25956,116.554
2238505,-1118734,-67.25962,116.5544
2238492,-1118748,-67.25967,116.5548
2238478,-1118762,-67.25973,116.5553
2238464,-1118776,-67.25979,116.5557
2238450,-1118789,-67.25984,116.5561
2238437,-1118803,-67.2599,116.5565
2238424,-1118817,-67.25995,116.557
2238408,-1118830,-67.26001,116.5574
2238395,-1118844,-67.26006,116.5578
2238381,-1118858,-67.26012,116.5582
2238366,-1118872,-67.26018,116.5587
2238353,-1118885,-67.26023,116.5591
2238340,-1118900,-67.26028,116.5595
2238324,-1118913,-67.26035,116.5599
2238312,-1118926,-67.2604,116.5604
2238298,-1118940,-67.26045,116.5608
2238284,-1118953,-67.26051,116.5612
2238269,-1118968,-67.26057,116.5616
2238256,-1118982,-67.26062,116.562
2238241,-1118995,-67.26068,116.5625
2238228,-1119009,-67.26073,116.5629
2238214,-1119022,-67.26079,116.5633
2238200,-1119036,-67.26085,116.5638
2238186,-1119050,-67.2609,116.5642
2238172,-1119063,-67.26096,116.5646
2238158,-1119077,-67.26102,116.565
2238144,-1119090,-67.26107,116.5654
2238131,-1119105,-67.26112,116.5659
2238116,-1119118,-67.26118,116.5663
2238102,-1119132,-67.26124,116.5667
2238089,-1119146,-67.26129,116.5671
2238074,-1119159,-67.26135,116.5676
2238061,-1119173,-67.26141,116.568
2238048,-1119187,-67.26146,116.5684
2238032,-1119201,-67.26152,116.5688
2238019,-1119214,-67.26157,116.5692
2238006,-1119228,-67.26163,116.5697
2237992,-1119241,-67.26169,116.5701
2237977,-1119255,-67.26174,116.5705
2237963,-1119269,-67.2618,116.5709
2237950,-1119282,-67.26186,116.5714
2237936,-1119296,-67.26191,116.5718
2237922,-1119310,-67.26197,116.5722
2237908,-1119324,-67.26202,116.5726
2237894,-1119337,-67.26208,116.573
2237880,-1119351,-67.26214,116.5735
2237866,-1119365,-67.26219,116.5739
2237852,-1119378,-67.26225,116.5743
2237838,-1119392,-67.26231,116.5747
2237825,-1119406,-67.26236,116.5752
2237810,-1119419,-67.26242,116.5756
2237797,-1119432,-67.26247,116.576
2237782,-1119447,-67.26253,116.5764
2237768,-1119460,-67.26259,116.5769
2237755,-1119473,-67.26264,116.5773
2237741,-1119487,-67.2627,116.5777
2237727,-1119501,-67.26276,116.5781
2237713,-1119515,-67.26281,116.5785
2237699,-1119528,-67.26287,116.579
2237685,-1119542,-67.26292,116.5794
2237672,-1119555,-67.26298,116.5798
2237656,-1119569,-67.26304,116.5802
2237643,-1119583,-67.26309,116.5806
2237630,-1119597,-67.26315,116.5811
2237616,-1119610,-67.26321,116.5815
2237602,-1119624,-67.26326,116.5819
2237588,-1119638,-67.26331,116.5823
2237574,-1119651,-67.26337,116.5827
2237561,-1119665,-67.26343,116.5832
2237545,-1119678,-67.26349,116.5836
2237532,-1119692,-67.26354,116.584
2237518,-1119706,-67.2636,116.5844
2237504,-1119719,-67.26366,116.5849
2237490,-1119733,-67.26371,116.5853
2237476,-1119746,-67.26376,116.5857
2237462,-1119760,-67.26382,116.5861
2237448,-1119774,-67.26388,116.5866
2237435,-1119788,-67.26393,116.587
2237420,-1119802,-67.26399,116.5874
2237407,-1119815,-67.26405,116.5878
2237393,-1119829,-67.2641,116.5882
2237379,-1119842,-67.26416,116.5887
2237365,-1119856,-67.26421,116.5891
2237352,-1119870,-67.26427,116.5895
2237336,-1119883,-67.26433,116.5899
2237323,-1119897,-67.26438,116.5904
2237310,-1119911,-67.26443,116.5908
2237296,-1119925,-67.26449,116.5912
2237282,-1119938,-67.26455,116.5916
2237268,-1119952,-67.2646,116.592
2237254,-1119965,-67.26466,116.5925
2237240,-1119979,-67.26472,116.5929
2237226,-1119994,-67.26477,116.5933
2237212,-1120007,-67.26483,116.5937
2237198,-1120020,-67.26488,116.5942
2237184,-1120034,-67.26494,116.5946
2237170,-1120048,-67.265,116.595
2237156,-1120062,-67.26505,116.5954
2237142,-1120075,-67.26511,116.5959
2237128,-1120089,-67.26517,116.5963
2237115,-1120102,-67.26522,116.5967
2237101,-1120116,-67.26527,116.5971
2237087,-1120130,-67.26533,116.5975
2237072,-1120144,-67.26539,116.598
2237059,-1120157,-67.26544,116.5984
2237046,-1120171,-67.2655,116.5988
2237030,-1120184,-67.26556,116.5992
2237018,-1120198,-67.26561,116.5997
2237004,-1120213,-67.26566,116.6001
2236989,-1120226,-67.26572,116.6005
2236976,-1120239,-67.26578,116.6009
2236962,-1120254,-67.26583,116.6014
2236947,-1120267,-67.26589,116.6018
2236934,-1120281,-67.26595,116.6022
2236921,-1120295,-67.26599,116.6026
2236906,-1120309,-67.26605,116.6031
2236892,-1120323,-67.26611,116.6035
2236878,-1120336,-67.26616,116.6039
2236865,-1120350,-67.26621,116.6043
2236851,-1120364,-67.26627,116.6048
2236837,-1120378,-67.26633,116.6052
2236824,-1120392,-67.26638,116.6056
2236809,-1120405,-67.26644,116.606
2236796,-1120419,-67.26649,116.6065
2236781,-1120433,-67.26655,116.6069
2236768,-1120446,-67.26661,116.6073
2236754,-1120460,-67.26666,116.6077
2236740,-1120474,-67.26672,116.6082
2236726,-1120488,-67.26677,116.6086
2236712,-1120501,-67.26683,116.609
2236698,-1120515,-67.26688,116.6094
2236684,-1120529,-67.26694,116.6099
2236670,-1120543,-67.267,116.6103
2236656,-1120556,-67.26705,116.6107
2236642,-1120570,-67.26711,116.6111
2236628,-1120584,-67.26717,116.6115
2236614,-1120598,-67.26722,116.612
2236600,-1120611,-67.26727,116.6124
2236586,-1120625,-67.26733,116.6128
2236572,-1120638,-67.26739,116.6133
2236558,-1120653,-67.26744,116.6137
2236544,-1120666,-67.2675,116.6141
2236530,-1120680,-67.26756,116.6145
2236516,-1120694,-67.26761,116.6149
2236503,-1120708,-67.26766,116.6154
2236488,-1120722,-67.26772,116.6158
2236474,-1120736,-67.26778,116.6162
2236461,-1120749,-67.26783,116.6166
2236447,-1120763,-67.26789,116.6171
2236433,-1120777,-67.26794,116.6175
2236419,-1120790,-67.268,116.6179
2236405,-1120804,-67.26806,116.6183
2236391,-1120817,-67.26811,116.6188
2236377,-1120832,-67.26817,116.6192
2236363,-1120846,-67.26823,116.6196
2236350,-1120859,-67.26828,116.62
2236336,-1120873,-67.26833,116.6205
2236321,-1120887,-67.26839,116.6209
2236307,-1120901,-67.26845,116.6213
2236294,-1120914,-67.2685,116.6217
2236280,-1120928,-67.26855,116.6222
2236266,-1120942,-67.26862,116.6226
2236252,-1120956,-67.26867,116.623
2236238,-1120970,-67.26872,116.6235
2236224,-1120983,-67.26878,116.6239
2236210,-1120997,-67.26884,116.6243
2236196,-1121011,-67.26889,116.6247
2236181,-1121024,-67.26895,116.6252
2236167,-1121038,-67.269,116.6256
2236154,-1121052,-67.26907,116.626
2236140,-1121066,-67.26912,116.6264
2236126,-1121080,-67.26917,116.6269
2236111,-1121094,-67.26923,116.6273
2236098,-1121107,-67.26929,116.6277
2236084,-1121121,-67.26934,116.6281
2236070,-1121135,-67.26939,116.6286
2236056,-1121149,-67.26945,116.629
2236042,-1121163,-67.26951,116.6294
2236028,-1121176,-67.26956,116.6298
2236014,-1121190,-67.26962,116.6303
2236000,-1121204,-67.26968,116.6307
2235987,-1121218,-67.26973,116.6311
2235972,-1121231,-67.26979,116.6315
2235958,-1121245,-67.26984,116.632
2235944,-1121259,-67.2699,116.6324
2235930,-1121272,-67.26996,116.6328
2235917,-1121286,-67.27001,116.6332
2235903,-1121300,-67.27007,116.6337
2235888,-1121314,-67.27013,116.6341
2235875,-1121328,-67.27018,116.6345
2235861,-1121341,-67.27023,116.6349
2235846,-1121355,-67.27029,116.6354
2235832,-1121369,-67.27035,116.6358
2235818,-1121383,-67.2704,116.6362
2235806,-1121397,-67.27045,116.6366
2235790,-1121410,-67.27052,116.6371
2235776,-1121424,-67.27057,116.6375
2235763,-1121438,-67.27062,116.6379
2235749,-1121451,-67.27068,116.6383
2235735,-1121466,-67.27074,116.6388
2235721,-1121479,-67.27079,116.6392
2235707,-1121492,-67.27085,116.6396
2235693,-1121506,-67.2709,116.64
2235680,-1121520,-67.27096,116.6405
2235666,-1121534,-67.27101,116.6409
2235652,-1121547,-67.27107,116.6413
2235638,-1121561,-67.27113,116.6417
2235624,-1121576,-67.27118,116.6422
2235610,-1121589,-67.27124,116.6426
2235596,-1121603,-67.27129,116.643
2235582,-1121617,-67.27135,116.6434
2235568,-1121630,-67.2714,116.6439
2235554,-1121644,-67.27146,116.6443
2235541,-1121658,-67.27151,116.6447
2235527,-1121672,-67.27157,116.6451
2235513,-1121686,-67.27162,116.6456
2235499,-1121699,-67.27168,116.646
2235485,-1121712,-67.27174,116.6464
2235471,-1121727,-67.27179,116.6468
2235457,-1121740,-67.27184,116.6472
2235443,-1121754,-67.2719,116.6477
2235430,-1121768,-67.27196,116.6481
2235416,-1121781,-67.27201,116.6485
2235402,-1121796,-67.27206,116.6489
2235388,-1121808,-67.27213,116.6494
2235374,-1121823,-67.27218,116.6498
2235360,-1121836,-67.27223,116.6502
2235346,-1121850,-67.27229,116.6506
2235332,-1121863,-67.27235,116.6511
2235318,-1121877,-67.2724,116.6515
2235304,-1121892,-67.27245,116.6519
2235291,-1121905,-67.27251,116.6523
2235278,-1121918,-67.27256,116.6527
2235263,-1121932,-67.27262,116.6532
2235250,-1121946,-67.27267,116.6536
2235236,-1121960,-67.27273,116.654
2235222,-1121974,-67.27278,116.6544
2235207,-1121987,-67.27284,116.6549
2235194,-1122001,-67.2729,116.6553
2235180,-1122014,-67.27295,116.6557
2235166,-1122028,-67.273,116.6561
2235152,-1122042,-67.27306,116.6566
2235139,-1122056,-67.27311,116.657
2235125,-1122070,-67.27317,116.6574
2235111,-1122083,-67.27322,116.6578
2235097,-1122097,-67.27328,116.6582
2235084,-1122111,-67.27333,116.6587
2235070,-1122124,-67.27338,116.6591
2235057,-1122138,-67.27344,116.6595
2235042,-1122152,-67.2735,116.6599
2235028,-1122165,-67.27355,116.6604
2235015,-1122179,-67.27361,116.6608
2235001,-1122192,-67.27366,116.6612
2234987,-1122206,-67.27371,116.6616
2234974,-1122220,-67.27377,116.662
2234960,-1122234,-67.27382,116.6625
2234946,-1122248,-67.27387,116.6629
2234932,-1122262,-67.27393,116.6633
2234919,-1122275,-67.27399,116.6637
2234905,-1122289,-67.27404,116.6641
2234892,-1122302,-67.27409,116.6646
2234878,-1122316,-67.27415,116.665
2234864,-1122330,-67.2742,116.6654
2234850,-1122343,-67.27425,116.6658
2234837,-1122358,-67.27431,116.6663
2234823,-1122371,-67.27436,116.6667
2234810,-1122385,-67.27441,116.6671
2234796,-1122398,-67.27447,116.6675
2234781,-1122412,-67.27453,116.6679
2234768,-1122425,-67.27458,116.6684
2234754,-1122439,-67.27464,116.6688
2234740,-1122453,-67.27469,116.6692
2234726,-1122467,-67.27474,116.6696
2234713,-1122480,-67.2748,116.6701
2234699,-1122494,-67.27485,116.6705
2234686,-1122507,-67.2749,116.6709
2234672,-1122521,-67.27496,116.6713
2234658,-1122535,-67.27501,116.6717
2234645,-1122549,-67.27506,116.6721
2234632,-1122562,-67.27512,116.6726
2234618,-1122576,-67.27517,116.673
2234604,-1122590,-67.27522,116.6734
2234590,-1122604,-67.27528,116.6738
2234577,-1122617,-67.27533,116.6742
2234562,-1122631,-67.27539,116.6747
2234549,-1122644,-67.27544,116.6751
2234535,-1122658,-67.2755,116.6755
2234522,-1122672,-67.27555,116.6759
2234508,-1122686,-67.2756,116.6764
2234494,-1122699,-67.27566,116.6768
2234481,-1122713,-67.27571,116.6772
2234467,-1122727,-67.27576,116.6776
2234453,-1122740,-67.27582,116.678
2234440,-1122754,-67.27587,116.6785
2234426,-1122768,-67.27592,116.6789
2234413,-1122782,-67.27598,116.6793
2234399,-1122795,-67.27603,116.6797
2234385,-1122808,-67.27608,116.6801
2234372,-1122822,-67.27614,116.6806
2234358,-1122836,-67.27619,116.681
2234344,-1122850,-67.27625,116.6814
2234331,-1122864,-67.2763,116.6818
2234317,-1122877,-67.27635,116.6822
2234303,-1122891,-67.27641,116.6827
2234290,-1122905,-67.27646,116.6831
2234277,-1122918,-67.27651,116.6835
2234263,-1122932,-67.27657,116.6839
2234249,-1122946,-67.27662,116.6843
2234235,-1122959,-67.27667,116.6848
2234222,-1122973,-67.27673,116.6852
2234208,-1122987,-67.27678,116.6856
2234195,-1123000,-67.27683,116.686
2234181,-1123014,-67.27689,116.6864
2234168,-1123028,-67.27694,116.6869
2234153,-1123041,-67.27699,116.6873
2234140,-1123055,-67.27705,116.6877
2234127,-1123069,-67.2771,116.6881
2234113,-1123082,-67.27715,116.6885
2234099,-1123096,-67.27721,116.689
2234085,-1123110,-67.27726,116.6894
2234072,-1123123,-67.27731,116.6898
2234059,-1123137,-67.27737,116.6902
2234045,-1123151,-67.27742,116.6907
2234031,-1123165,-67.27747,116.6911
2234017,-1123178,-67.27753,116.6915
2234004,-1123192,-67.27758,116.6919
2233990,-1123206,-67.27763,116.6923
2233977,-1123219,-67.27769,116.6927
2233964,-1123233,-67.27774,116.6932
2233950,-1123246,-67.27779,116.6936
2233936,-1123260,-67.27785,116.694
2233922,-1123273,-67.2779,116.6944
2233909,-1123288,-67.27795,116.6948
2233895,-1123301,-67.27801,116.6953
2233881,-1123315,-67.27806,116.6957
2233868,-1123328,-67.27811,116.6961
2233855,-1123342,-67.27816,116.6965
2233840,-1123356,-67.27822,116.697
2233827,-1123370,-67.27827,116.6974
2233814,-1123383,-67.27832,116.6978
2233800,-1123397,-67.27837,116.6982
2233786,-1123411,-67.27843,116.6986
2233772,-1123424,-67.27848,116.6991
2233759,-1123438,-67.27853,116.6995
2233745,-1123451,-67.27859,116.6999
2233732,-1123466,-67.27864,116.7003
2233718,-1123479,-67.27869,116.7007
2233706,-1123493,-67.27875,116.7011
2233692,-1123506,-67.2788,116.7016
2233678,-1123520,-67.27885,116.702
2233664,-1123533,-67.27891,116.7024
2233651,-1123547,-67.27896,116.7028
2233638,-1123560,-67.27901,116.7032
2233624,-1123574,-67.27907,116.7037
2233610,-1123588,-67.27912,116.7041
2233597,-1123601,-67.27917,116.7045
2233583,-1123615,-67.27923,116.7049
2233569,-1123628,-67.27928,116.7053
2233556,-1123642,-67.27934,116.7057
2233543,-1123656,-67.27938,116.7062
2233528,-1123670,-67.27944,116.7066
2233516,-1123683,-67.27949,116.707
2233502,-1123697,-67.27954,116.7074
2233488,-1123710,-67.27959,116.7078
2233474,-1123724,-67.27965,116.7083
2233462,-1123738,-67.2797,116.7087
2233448,-1123751,-67.27975,116.7091
2233434,-1123765,-67.27981,116.7095
2233420,-1123778,-67.27986,116.7099
2233406,-1123792,-67.27991,116.7104
2233393,-1123805,-67.27997,116.7108
2233380,-1123819,-67.28002,116.7112
2233366,-1123833,-67.28008,116.7116
2233353,-1123847,-67.28012,116.712
2233340,-1123861,-67.28017,116.7124
2233326,-1123873,-67.28023,116.7128
2233313,-1123888,-67.28028,116.7133
2233299,-1123901,-67.28033,116.7137
2233285,-1123915,-67.28039,116.7141
2233272,-1123928,-67.28044,116.7145
2233259,-1123942,-67.28049,116.7149
2233245,-1123956,-67.28055,116.7154
2233231,-1123969,-67.2806,116.7158
2233217,-1123983,-67.28065,116.7162
2233204,-1123996,-67.28071,116.7166
2233191,-1124010,-67.28076,116.717
2233177,-1124024,-67.28081,116.7174
2233163,-1124037,-67.28087,116.7179
2233150,-1124050,-67.28092,116.7183
2233137,-1124064,-67.28097,116.7187
2233123,-1124078,-67.28102,116.7191
2233109,-1124092,-67.28107,116.7195
2233096,-1124105,-67.28113,116.72
2233082,-1124118,-67.28118,116.7204
2233069,-1124132,-67.28123,116.7208
2233055,-1124146,-67.28129,116.7212
2233042,-1124159,-67.28134,116.7216
2233028,-1124172,-67.28139,116.722
2233014,-1124186,-67.28145,116.7225
2233001,-1124200,-67.2815,116.7229
2232987,-1124214,-67.28156,116.7233
2232974,-1124226,-67.28161,116.7237
2232960,-1124240,-67.28166,116.7241
2232946,-1124254,-67.28172,116.7245
2232933,-1124268,-67.28177,116.725
2232920,-1124281,-67.28182,116.7254
2232906,-1124295,-67.28188,116.7258
2232892,-1124308,-67.28193,116.7262
2232878,-1124322,-67.28198,116.7266
2232866,-1124336,-67.28203,116.7271
2232852,-1124349,-67.28209,116.7275
2232838,-1124363,-67.28214,116.7279
2232825,-1124377,-67.2822,116.7283
2232812,-1124390,-67.28224,116.7287
2232798,-1124404,-67.2823,116.7291
2232784,-1124417,-67.28236,116.7296
2232771,-1124431,-67.2824,116.73
2232757,-1124444,-67.28246,116.7304
2232744,-1124458,-67.28251,116.7308
2232730,-1124472,-67.28256,116.7312
2232717,-1124485,-67.28262,116.7317
2232703,-1124499,-67.28267,116.7321
2232689,-1124513,-67.28272,116.7325
2232675,-1124526,-67.28278,116.7329
2232662,-1124540,-67.28283,116.7333
2232648,-1124553,-67.28288,116.7337
2232635,-1124567,-67.28294,116.7342
2232621,-1124581,-67.28299,116.7346
2232607,-1124594,-67.28304,116.735
2232594,-1124608,-67.2831,116.7354
2232581,-1124622,-67.28315,116.7358
2232567,-1124635,-67.2832,116.7363
2232553,-1124649,-67.28326,116.7367
2232539,-1124663,-67.28331,116.7371
2232526,-1124676,-67.28336,116.7375
2232513,-1124690,-67.28342,116.7379
2232499,-1124703,-67.28347,116.7384
2232485,-1124717,-67.28352,116.7388
2232471,-1124731,-67.28358,116.7392
2232458,-1124744,-67.28363,116.7396
2232444,-1124758,-67.28368,116.74
2232431,-1124772,-67.28374,116.7405
2232417,-1124785,-67.28379,116.7409
2232403,-1124799,-67.28384,116.7413
2232390,-1124812,-67.2839,116.7417
2232376,-1124826,-67.28395,116.7421
2232362,-1124840,-67.284,116.7426
2232349,-1124853,-67.28406,116.743
2232336,-1124867,-67.2841,116.7434
2232321,-1124881,-67.28416,116.7438
2232309,-1124895,-67.28421,116.7442
2232295,-1124908,-67.28426,116.7447
2232282,-1124922,-67.28432,116.7451
2232268,-1124936,-67.28437,116.7455
2232254,-1124950,-67.28442,116.7459
2232241,-1124963,-67.28448,116.7463
2232226,-1124977,-67.28454,116.7468
2232214,-1124990,-67.28458,116.7472
2232200,-1125004,-67.28464,116.7476
2232186,-1125017,-67.28469,116.748
2232171,-1125031,-67.28475,116.7485
2232158,-1125045,-67.28481,116.7489
2232145,-1125060,-67.28485,116.7493
2232132,-1125073,-67.2849,116.7497
2232117,-1125086,-67.28497,116.7501
2232104,-1125100,-67.28501,116.7506
2232091,-1125114,-67.28506,116.751
2232078,-1125127,-67.28512,116.7514
2232062,-1125141,-67.28518,116.7518
2232049,-1125154,-67.28523,116.7522
2232035,-1125168,-67.28529,116.7527
2232022,-1125182,-67.28533,116.7531
2232008,-1125195,-67.28539,116.7535
2231994,-1125209,-67.28545,116.7539
2231980,-1125223,-67.2855,116.7543
2231967,-1125236,-67.28555,116.7548
2231953,-1125250,-67.28561,116.7552
2231939,-1125264,-67.28566,116.7556
2231926,-1125277,-67.28571,116.756
2231912,-1125292,-67.28577,116.7565
2231898,-1125306,-67.28582,116.7569
2231885,-1125319,-67.28587,116.7573
2231871,-1125332,-67.28593,116.7577
2231857,-1125346,-67.28598,116.7581
2231844,-1125360,-67.28603,116.7586
2231830,-1125374,-67.28609,116.759
2231816,-1125388,-67.28614,116.7594
2231802,-1125401,-67.28619,116.7598
2231789,-1125415,-67.28625,116.7602
2231775,-1125428,-67.2863,116.7607
2231762,-1125442,-67.28635,116.7611
2231748,-1125456,-67.28641,116.7615
2231734,-1125470,-67.28646,116.7619
2231721,-1125483,-67.28651,116.7624
2231707,-1125497,-67.28657,116.7628
2231693,-1125511,-67.28663,116.7632
2231679,-1125525,-67.28668,116.7636
2231665,-1125538,-67.28674,116.764
2231652,-1125552,-67.28679,116.7645
2231638,-1125566,-67.28684,116.7649
2231624,-1125579,-67.2869,116.7653
2231611,-1125593,-67.28695,116.7657
2231597,-1125607,-67.287,116.7662
2231583,-1125621,-67.28706,116.7666
2231569,-1125635,-67.28711,116.767
2231556,-1125648,-67.28716,116.7674
2231542,-1125663,-67.28722,116.7679
2231528,-1125676,-67.28727,116.7683
2231515,-1125690,-67.28732,116.7687
2231501,-1125704,-67.28738,116.7691
2231486,-1125718,-67.28744,116.7696
2231472,-1125731,-67.28749,116.77
2231460,-1125746,-67.28754,116.7704
2231446,-1125760,-67.28759,116.7708
2231431,-1125774,-67.28765,116.7713
2231418,-1125787,-67.2877,116.7717
2231404,-1125801,-67.28775,116.7721
2231390,-1125815,-67.2878,116.7726
2231376,-1125830,-67.28786,116.773
2231363,-1125844,-67.28791,116.7734
2231349,-1125857,-67.28796,116.7738
2231335,-1125872,-67.28802,116.7743
2231321,-1125886,-67.28807,116.7747
2231308,-1125900,-67.28812,116.7751
2231294,-1125914,-67.28817,116.7756
2231280,-1125929,-67.28822,116.776
2231266,-1125942,-67.28828,116.7764
2231253,-1125956,-67.28832,116.7769
2231240,-1125971,-67.28838,116.7773
2231226,-1125986,-67.28842,116.7777
2231212,-1126000,-67.28848,116.7782
2231199,-1126014,-67.28852,116.7786
2231186,-1126030,-67.28857,116.779
2231173,-1126044,-67.28861,116.7795
2231160,-1126059,-67.28866,116.7799
2231147,-1126074,-67.2887,116.7804
2231133,-1126088,-67.28875,116.7808
2231120,-1126103,-67.2888,116.7812
2231108,-1126118,-67.28883,116.7817
NaN,NaN,NaN,NaN
NaN,NaN,NaN,NaN
NaN,NaN,NaN,NaN
NaN,NaN,NaN,NaN
NaN,NaN,NaN,NaN
NaN,NaN,NaN,NaN
NaN,NaN,NaN,NaN
NaN,NaN,NaN,NaN
