2391631,-970119.6,-66.56584,112.079
2391644,-970106.8,-66.56577,112.0786
2391659,-970093.6,-66.5657,112.0782
2391674,-970080.4,-66.56562,112.0778
2391688,-970067.9,-66.56554,112.0775
2391703,-970054.6,-66.56547,112.0771
2391717,-970041.2,-66.5654,112.0767
2391731,-970028.7,-66.56532,112.0763
2391746,-970015.6,-66.56525,112.0759
2391760,-970002.1,-66.56517,112.0755
2391774,-969989.4,-66.5651,112.0751
2391789,-969976.9,-66.56503,112.0747
2391804,-969964.4,-66.56495,112.0744
2391818,-969951.3,-66.56487,112.074
2391832,-969937.9,-66.5648,112.0736
2391846,-969925.5,-66.56473,112.0732
2391860,-969913.2,-66.56465,112.0728
2391875,-969899.9,-66.56458,112.0724
2391889,-969887.2,-66.56451,112.0721
2391902,-969874.7,-66.56443,112.0717
2391917,-969861.9,-66.56435,112.0713
2391932,-969849.4,-66.56428,112.0709
2391945,-969836.4,-66.56421,112.0705
2391959,-969823.8,-66.56413,112.0702
2391973,-969811.4,-66.56406,112.0698
2391988,-969798.6,-66.56399,112.0694
2392002,-969785.5,-66.56391,112.069
2392016,-969773.6,-66.56384,112.0687
2392031,-969761.1,-66.56376,112.0683
2392044,-969747.9,-66.56369,112.0679
2392059,-969736.1,-66.56361,112.0675
2392072,-969723.6,-66.56355,112.0672
2392086,-969710.8,-66.56347,112.0668
2392101,-969698.4,-66.56339,112.0664
2392115,-969686.1,-66.56332,112.066
2392129,-969673.7,-66.56325,112.0657
2392143,-969661.2,-66.56317,112.0653
2392157,-969649.1,-66.5631,112.0649
2392171,-969636.8,-66.56302,112.0646
2392184,-969623.9,-66.56295,112.0642
2392200,-969611.8,-66.56287,112.0638
2392214,-969599.3,-66.5628,112.0634
2392228,-969587,-66.56272,112.0631
2392242,-969574.9,-66.56265,112.0627
2392256,-969561.8,-66.56258,112.0623
2392270,-969549.6,-66.5625,112.0619
2392283,-969537.1,-66.56243,112.0616
2392298,-969525.5,-66.56236,112.0612
2392312,-969512.1,-66.56228,112.0608
2392326,-969500.4,-66.56221,112.0605
2392340,-969488.3,-66.56213,112.0601
2392354,-969475.6,-66.56206,112.0597
2392368,-969463.3,-66.56198,112.0593
2392382,-969450.8,-66.56191,112.059
2392396,-969439.4,-66.56184,112.0586
2392410,-969426.4,-66.56176,112.0582
2392424,-969413.9,-66.56169,112.0579
2392438,-969402.2,-66.56161,112.0575
2392451,-969389.7,-66.56155,112.0571
2392466,-969377.2,-66.56147,112.0568
2392480,-969365.7,-66.56139,112.0564
2392493,-969352.8,-66.56133,112.056
2392507,-969340.6,-66.56125,112.0557
2392522,-969328.7,-66.56117,112.0553
2392534,-969315.9,-66.5611,112.0549
2392550,-969304.1,-66.56103,112.0546
2392563,-969291.8,-66.56096,112.0542
2392577,-969279.2,-66.56088,112.0538
2392592,-969267.6,-66.56081,112.0535
2392605,-969255.8,-66.56074,112.0531
2392618,-969243.3,-66.56066,112.0527
2392633,-969230.7,-66.56059,112.0524
2392647,-969219.1,-66.56052,112.052
2392661,-969207.2,-66.56044,112.0516
2392674,-969194.7,-66.56036,112.0513
2392688,-969182.1,-66.5603,112.0509
2392702,-969171.1,-66.56022,112.0505
2392716,-969158.8,-66.56014,112.0502
2392731,-969146.6,-66.56007,112.0498
2392744,-969134.5,-66.56,112.0495
2392758,-969122.5,-66.55992,112.0491
2392771,-969110.5,-66.55985,112.0487
2392785,-969098.4,-66.55978,112.0484
2392800,-969086.4,-66.5597,112.048
2392814,-969074.2,-66.55962,112.0476
2392827,-969062.1,-66.55956,112.0473
2392842,-969050.8,-66.55948,112.0469
2392855,-969038.7,-66.5594,112.0466
2392868,-969026.8,-66.55933,112.0462
2392883,-969015,-66.55926,112.0458
2392896,-969001.9,-66.55919,112.0455
2392910,-968990.4,-66.55911,112.0451
2392923,-968978.6,-66.55904,112.0447
2392937,-968966.4,-66.55897,112.0444
2392952,-968954.4,-66.55889,112.044
2392965,-968942.1,-66.55882,112.0437
2392980,-968930.2,-66.55875,112.0433
2392992,-968918.4,-66.55868,112.0429
2393006,-968905.2,-66.55861,112.0426
2393020,-968893.7,-66.55853,112.0422
2393033,-968881.4,-66.55846,112.0418
2393048,-968869.4,-66.55839,112.0415
2393062,-968857.2,-66.55832,112.0411
2393075,-968844.8,-66.55825,112.0407
2393089,-968833.1,-66.55817,112.0404
2393102,-968820.6,-66.55811,112.04
2393116,-968808.1,-66.55804,112.0396
2393130,-968796.2,-66.55796,112.0393
2393143,-968783.9,-66.55789,112.0389
2393156,-968771.1,-66.55782,112.0385
2393170,-968758.9,-66.55775,112.0382
2393183,-968746.9,-66.55769,112.0378
2393197,-968734.8,-66.55761,112.0375
2393210,-968721.7,-66.55754,112.0371
2393224,-968709.5,-66.55747,112.0367
2393237,-968697.6,-66.5574,112.0364
2393250,-968685.1,-66.55733,112.036
2393264,-968671.9,-66.55727,112.0356
2393278,-968659.8,-66.5572,112.0352
2393292,-968647.3,-66.55713,112.0349
2393304,-968635.2,-66.55706,112.0345
2393318,-968622.2,-66.55699,112.0341
2393332,-968609.7,-66.55692,112.0338
2393345,-968597.6,-66.55685,112.0334
2393358,-968584.7,-66.55679,112.033
2393372,-968572.1,-66.55672,112.0327
2393385,-968559.4,-66.55666,112.0323
2393398,-968546.9,-66.55659,112.0319
2393412,-968533.7,-66.55652,112.0315
2393425,-968521.3,-66.55645,112.0312
2393438,-968508.6,-66.55639,112.0308
2393451,-968495.9,-66.55632,112.0304
2393464,-968483.2,-66.55625,112.0301
2393478,-968470.4,-66.55619,112.0297
2393491,-968457.9,-66.55612,112.0293
2393504,-968444.8,-66.55605,112.0289
2393517,-968431.8,-66.55599,112.0286
2393531,-968419.2,-66.55592,112.0282
2393544,-968406.6,-66.55585,112.0278
2393556,-968393.9,-66.55579,112.0275
2393570,-968380.8,-66.55573,112.0271
2393584,-968368.1,-66.55566,112.0267
2393596,-968355.2,-66.5556,112.0263
2393610,-968343,-66.55553,112.026
2393623,-968329.1,-66.55547,112.0256
2393636,-968316.6,-66.5554,112.0252
2393650,-968304,-66.55533,112.0248
2393663,-968290.7,-66.55527,112.0244
2393676,-968277.9,-66.5552,112.0241
2393689,-968265.1,-66.55514,112.0237
2393702,-968251.9,-66.55507,112.0233
2393716,-968239.2,-66.555,112.0229
2393729,-968226.7,-66.55494,112.0226
2393743,-968213.6,-66.55487,112.0222
2393755,-968200.4,-66.55481,112.0218
2393768,-968187.1,-66.55474,112.0214
2393781,-968174.3,-66.55468,112.0211
2393795,-968161.6,-66.55461,112.0207
2393808,-968148.8,-66.55455,112.0203
2393821,-968135.4,-66.55448,112.0199
2393835,-968122.3,-66.55441,112.0196
2393848,-968109.5,-66.55435,112.0192
2393862,-968097,-66.55428,112.0188
2393875,-968083.9,-66.55421,112.0184
2393887,-968070.8,-66.55415,112.0181
2393901,-968058.1,-66.55408,112.0177
2393914,-968045.2,-66.55402,112.0173
2393927,-968031.9,-66.55396,112.0169
2393941,-968018.8,-66.55389,112.0165
2393954,-968005.9,-66.55383,112.0162
2393968,-967992.9,-66.55376,112.0158
2393981,-967979.8,-66.55369,112.0154
2393994,-967967.2,-66.55363,112.015
2394008,-967954.4,-66.55356,112.0147
2394022,-967941.1,-66.55349,112.0143
2394034,-967928.2,-66.55343,112.0139
2394048,-967915.2,-66.55336,112.0135
2394060,-967901.8,-66.5533,112.0131
2394074,-967888.4,-66.55323,112.0128
2394088,-967875.6,-66.55316,112.0124
2394100,-967862.6,-66.5531,112.012
2394114,-967849.8,-66.55303,112.0116
2394127,-967836.4,-66.55296,112.0112
2394141,-967823.3,-66.55289,112.0109
2394154,-967810.5,-66.55283,112.0105
2394167,-967797.8,-66.55276,112.0101
2394181,-967784.3,-66.5527,112.0097
2394194,-967771.4,-66.55264,112.0093
2394208,-967758.5,-66.55257,112.009
2394220,-967745.6,-66.55251,112.0086
2394234,-967732.2,-66.55244,112.0082
2394248,-967718.9,-66.55237,112.0078
2394260,-967705.8,-66.55231,112.0074
2394274,-967693.2,-66.55224,112.0071
2394287,-967679.6,-66.55218,112.0067
2394300,-967666.2,-66.55211,112.0063
2394314,-967653.4,-66.55205,112.0059
2394328,-967640,-66.55198,112.0055
2394341,-967627.3,-66.55191,112.0052
2394354,-967613.9,-66.55185,112.0048
2394367,-967601.1,-66.55178,112.0044
2394380,-967587.1,-66.55172,112.004
2394394,-967574.3,-66.55165,112.0036
2394407,-967561.2,-66.55159,112.0033
2394420,-967548.1,-66.55152,112.0029
2394434,-967534.8,-66.55146,112.0025
2394447,-967521.6,-66.55139,112.0021
2394460,-967508.6,-66.55133,112.0017
2394473,-967495.5,-66.55126,112.0013
2394487,-967481.8,-66.55119,112.001
2394499,-967468.1,-66.55113,112.0006
2394513,-967455.4,-66.55106,112.0002
2394527,-967442.3,-66.551,111.9998
2394540,-967429.1,-66.55093,111.9994
2394553,-967415.8,-66.55087,111.999
2394567,-967403.1,-66.5508,111.9987
2394579,-967389.3,-66.55074,111.9983
2394593,-967376.3,-66.55067,111.9979
2394606,-967362.2,-66.55061,111.9975
2394619,-967349.5,-66.55055,111.9971
2394633,-967335.9,-66.55048,111.9967
2394645,-967322.2,-66.55042,111.9964
2394659,-967309.6,-66.55035,111.996
2394672,-967295.7,-66.55029,111.9956
2394685,-967282.4,-66.55022,111.9952
2394699,-967269.2,-66.55016,111.9948
2394711,-967255.8,-66.5501,111.9944
2394724,-967242.2,-66.55004,111.9941
2394738,-967228.8,-66.54997,111.9937
2394752,-967215.3,-66.54991,111.9933
2394764,-967201.9,-66.54985,111.9929
2394777,-967188.7,-66.54979,111.9925
2394790,-967175,-66.54972,111.9921
2394804,-967162.1,-66.54966,111.9917
2394816,-967148.2,-66.5496,111.9914
2394829,-967134.8,-66.54954,111.991
2394843,-967121.2,-66.54947,111.9906
2394856,-967107.8,-66.54941,111.9902
2394868,-967094.6,-66.54935,111.9898
2394882,-967081.2,-66.54929,111.9894
2394895,-967067.4,-66.54922,111.989
2394908,-967053.7,-66.54916,111.9887
2394920,-967040.6,-66.5491,111.9883
2394934,-967026.9,-66.54903,111.9879
2394947,-967013.6,-66.54897,111.9875
2394960,-966999.6,-66.54891,111.9871
2394973,-966986.9,-66.54885,111.9867
2394987,-966972.9,-66.54878,111.9863
2395000,-966959.6,-66.54872,111.9859
2395012,-966945.7,-66.54866,111.9856
2395026,-966932.9,-66.5486,111.9852
2395040,-966919,-66.54853,111.9848
2395052,-966905.8,-66.54847,111.9844
2395065,-966891.9,-66.54841,111.984
2395078,-966878.8,-66.54835,111.9836
2395092,-966865.2,-66.54828,111.9832
2395104,-966851.8,-66.54822,111.9829
2395117,-966838.1,-66.54816,111.9825
2395131,-966824.7,-66.5481,111.9821
2395145,-966811.1,-66.54803,111.9817
2395157,-966797.3,-66.54797,111.9813
2395170,-966784.2,-66.5479,111.9809
2395184,-966770.9,-66.54784,111.9805
2395196,-966756.6,-66.54778,111.9801
2395210,-966743.9,-66.54771,111.9798
2395224,-966730.2,-66.54765,111.9794
2395238,-966716.6,-66.54758,111.979
2395250,-966702.8,-66.54752,111.9786
2395264,-966689.4,-66.54745,111.9782
2395277,-966676.4,-66.54739,111.9778
2395290,-966662.3,-66.54732,111.9774
2395304,-966648.6,-66.54726,111.977
2395318,-966635.4,-66.54719,111.9766
2395330,-966622.2,-66.54713,111.9763
2395344,-966608.6,-66.54706,111.9759
2395357,-966594.9,-66.547,111.9755
2395371,-966581.5,-66.54693,111.9751
2395384,-966568.1,-66.54687,111.9747
2395398,-966554.2,-66.5468,111.9743
2395410,-966540.4,-66.54674,111.9739
2395424,-966527.2,-66.54667,111.9735
2395437,-966513.7,-66.54661,111.9731
2395451,-966499.8,-66.54654,111.9727
2395464,-966486.1,-66.54648,111.9724
2395478,-966472.7,-66.54641,111.972
2395491,-966459.1,-66.54635,111.9716
2395505,-966445.4,-66.54628,111.9712
2395518,-966431.6,-66.54622,111.9708
2395531,-966418.1,-66.54616,111.9704
2395544,-966404.5,-66.54609,111.97
2395558,-966390.3,-66.54602,111.9696
2395572,-966376.7,-66.54596,111.9692
2395585,-966363.3,-66.5459,111.9688
2395598,-966349.3,-66.54583,111.9684
2395612,-966335.4,-66.54577,111.968
2395626,-966321.9,-66.5457,111.9676
2395638,-966308.2,-66.54564,111.9673
2395652,-966294.6,-66.54557,111.9669
2395666,-966281,-66.54551,111.9665
2395678,-966267.3,-66.54545,111.9661
2395691,-966253.6,-66.54539,111.9657
2395706,-966239.4,-66.54532,111.9653
2395718,-966225.4,-66.54526,111.9649
2395731,-966211.4,-66.5452,111.9645
2395745,-966198.1,-66.54514,111.9641
2395759,-966184.1,-66.54507,111.9637
2395772,-966170.4,-66.54501,111.9633
2395784,-966155.8,-66.54494,111.9629
2395798,-966142.7,-66.54488,111.9625
2395810,-966128.2,-66.54482,111.9621
2395824,-966114.2,-66.54476,111.9617
2395837,-966100.9,-66.5447,111.9613
2395850,-966086.8,-66.54464,111.9609
2395863,-966072.4,-66.54458,111.9605
2395876,-966058.4,-66.54452,111.9601
2395889,-966044.8,-66.54446,111.9598
2395902,-966030.8,-66.5444,111.9594
2395916,-966016.9,-66.54433,111.959
2395928,-966002.8,-66.54427,111.9586
2395940,-965988.4,-66.54422,111.9582
2395954,-965974.2,-66.54416,111.9578
2395967,-965960.7,-66.5441,111.9574
2395980,-965946.8,-66.54404,111.957
2395993,-965933,-66.54398,111.9566
2396006,-965918.5,-66.54391,111.9562
2396018,-965904.6,-66.54386,111.9558
2396031,-965890.6,-66.5438,111.9554
2396044,-965876.9,-66.54374,111.955
2396057,-965862.2,-66.54368,111.9546
2396070,-965848.6,-66.54362,111.9542
2396083,-965834.4,-66.54356,111.9538
2396096,-965820.8,-66.5435,111.9534
2396108,-965806.1,-66.54345,111.953
2396122,-965792.8,-66.54339,111.9526
2396134,-965778.5,-66.54333,111.9522
2396146,-965764.6,-66.54327,111.9519
2396159,-965749.9,-66.54321,111.9514
2396172,-965736.3,-66.54315,111.9511
2396186,-965722.7,-66.54309,111.9507
2396198,-965708.1,-66.54304,111.9503
2396211,-965694.4,-66.54298,111.9499
2396224,-965680.8,-66.54292,111.9495
2396236,-965666.5,-66.54286,111.9491
2396250,-965652.9,-66.5428,111.9487
2396262,-965638.3,-66.54274,111.9483
2396275,-965624.5,-66.54268,111.9479
2396287,-965610.9,-66.54263,111.9475
2396300,-965596.8,-66.54256,111.9471
2396314,-965582.9,-66.5425,111.9467
2396327,-965569.6,-66.54244,111.9464
2396339,-965555.8,-66.54238,111.946
2396353,-965541.7,-66.54232,111.9456
2396365,-965527.6,-66.54227,111.9452
2396377,-965513.9,-66.54221,111.9448
2396391,-965500.6,-66.54214,111.9444
2396404,-965486,-66.54208,111.944
2396416,-965472.3,-66.54202,111.9436
2396430,-965459.3,-66.54196,111.9432
2396442,-965445.5,-66.5419,111.9428
2396456,-965431.6,-66.54184,111.9424
2396468,-965417.9,-66.54178,111.9421
2396481,-965403.9,-66.54173,111.9417
2396494,-965390.2,-66.54166,111.9413
2396507,-965376.3,-66.5416,111.9409
2396520,-965362.9,-66.54154,111.9405
2396532,-965348.9,-66.54148,111.9401
2396546,-965335.2,-66.54142,111.9397
2396559,-965322.1,-66.54136,111.9393
2396571,-965308.1,-66.5413,111.9389
2396585,-965294.8,-66.54124,111.9386
2396597,-965280.7,-66.54118,111.9382
2396610,-965267.1,-66.54111,111.9378
2396623,-965253.4,-66.54105,111.9374
2396636,-965239.6,-66.54099,111.937
2396649,-965225.9,-66.54093,111.9366
2396662,-965212.5,-66.54087,111.9362
2396675,-965199.2,-66.54081,111.9358
2396688,-965186.1,-66.54075,111.9355
2396701,-965171.9,-66.54069,111.9351
2396713,-965158.6,-66.54063,111.9347
2396726,-965145,-66.54057,111.9343
2396739,-965131.4,-66.5405,111.9339
2396752,-965117.6,-66.54044,111.9335
2396765,-965104.6,-66.54038,111.9331
2396778,-965090.8,-66.54032,111.9328
2396792,-965077.5,-66.54026,111.9324
2396805,-965063.8,-66.54019,111.932
2396817,-965050.4,-66.54013,111.9316
2396829,-965036.6,-66.54008,111.9312
2396844,-965023.6,-66.54001,111.9308
2396856,-965010.2,-66.53995,111.9305
2396869,-964996.4,-66.53989,111.9301
2396882,-964983.1,-66.53983,111.9297
2396895,-964969.1,-66.53976,111.9293
2396908,-964956,-66.5397,111.9289
2396919,-964941.9,-66.53965,111.9285
2396933,-964928.5,-66.53959,111.9281
2396946,-964914.9,-66.53953,111.9278
2396958,-964901.5,-66.53947,111.9274
2396971,-964888.3,-66.53941,111.927
2396984,-964874.9,-66.53934,111.9266
2396997,-964861.5,-66.53928,111.9262
2397010,-964847.7,-66.53922,111.9258
2397022,-964834.5,-66.53916,111.9255
2397036,-964821.1,-66.5391,111.9251
2397048,-964807.3,-66.53904,111.9247
2397062,-964793.8,-66.53898,111.9243
2397074,-964780.6,-66.53892,111.9239
2397087,-964767.4,-66.53886,111.9235
2397100,-964753.8,-66.5388,111.9232
2397113,-964740.4,-66.53873,111.9228
2397125,-964726.4,-66.53868,111.9224
2397139,-964712.9,-66.53861,111.922
2397150,-964699.2,-66.53856,111.9216
2397164,-964686.1,-66.5385,111.9212
2397176,-964672.8,-66.53844,111.9209
2397189,-964659,-66.53838,111.9205
2397202,-964645.9,-66.53831,111.9201
2397214,-964632.5,-66.53825,111.9197
2397227,-964619.4,-66.53819,111.9193
2397240,-964605.7,-66.53813,111.919
2397253,-964592.4,-66.53807,111.9186
2397266,-964579.1,-66.53801,111.9182
2397278,-964565.5,-66.53796,111.9178
2397292,-964552.4,-66.53789,111.9174
2397303,-964538.4,-66.53783,111.9171
2397316,-964525.5,-66.53777,111.9167
2397329,-964512.5,-66.53771,111.9163
2397342,-964498.7,-66.53765,111.9159
2397355,-964485.3,-66.53759,111.9155
2397367,-964472.2,-66.53753,111.9152
2397380,-964458.7,-66.53747,111.9148
2397393,-964445.1,-66.53741,111.9144
2397406,-964432.2,-66.53735,111.914
2397418,-964419.1,-66.53728,111.9136
2397432,-964405.4,-66.53722,111.9133
2397444,-964392.6,-66.53716,111.9129
2397457,-964379.2,-66.5371,111.9125
2397470,-964366.1,-66.53704,111.9121
2397482,-964352.8,-66.53698,111.9117
2397496,-964339.6,-66.53692,111.9114
2397508,-964326.2,-66.53686,111.911
2397521,-964313.5,-66.5368,111.9106
2397533,-964299.6,-66.53674,111.9102
2397546,-964286.2,-66.53667,111.9099
2397558,-964273,-66.53662,111.9095
2397571,-964259.9,-66.53656,111.9091
2397584,-964246.5,-66.5365,111.9087
2397597,-964233.4,-66.53644,111.9083
2397610,-964220,-66.53638,111.908
2397622,-964207.1,-66.53632,111.9076
2397635,-964193.5,-66.53625,111.9072
2397648,-964180.6,-66.53619,111.9068
2397661,-964167.5,-66.53613,111.9065
2397673,-964154.6,-66.53607,111.9061
2397686,-964140.9,-66.53601,111.9057
2397698,-964127.2,-66.53595,111.9053
2397712,-964114.7,-66.53589,111.905
2397724,-964101.2,-66.53583,111.9046
2397737,-964087.8,-66.53577,111.9042
2397749,-964075.1,-66.53571,111.9038
2397762,-964061.9,-66.53564,111.9035
2397775,-964048.8,-66.53558,111.9031
2397788,-964035.2,-66.53552,111.9027
2397801,-964022.6,-66.53546,111.9023
2397814,-964009.8,-66.53539,111.9019
2397827,-963996.2,-66.53533,111.9016
2397840,-963983.4,-66.53527,111.9012
2397852,-963970.4,-66.53521,111.9008
2397865,-963957.5,-66.53515,111.9005
2397878,-963943.8,-66.53509,111.9001
2397890,-963930.7,-66.53503,111.8997
2397903,-963918.1,-66.53497,111.8993
2397915,-963904.7,-66.5349,111.8989
2397930,-963891.9,-66.53484,111.8986
2397942,-963878.7,-66.53477,111.8982
2397955,-963865.6,-66.53471,111.8978
2397967,-963852.4,-66.53465,111.8974
2397980,-963839.3,-66.53459,111.8971
2397993,-963826.5,-66.53453,111.8967
2398005,-963813.3,-66.53447,111.8963
2398019,-963800.5,-66.5344,111.896
2398032,-963787.4,-66.53434,111.8956
2398044,-963774.6,-66.53428,111.8952
2398057,-963761.4,-66.53422,111.8948
2398071,-963748.3,-66.53415,111.8944
2398083,-963735.7,-66.53409,111.8941
2398096,-963722.3,-66.53403,111.8937
2398108,-963709.4,-66.53397,111.8933
2398122,-963696.3,-66.5339,111.893
2398135,-963683.8,-66.53384,111.8926
2398148,-963670.3,-66.53378,111.8922
2398160,-963657.2,-66.53371,111.8918
2398173,-963644.3,-66.53365,111.8915
2398186,-963631.6,-66.53359,111.8911
2398198,-963618.4,-66.53353,111.8907
2398211,-963605.9,-66.53346,111.8904
2398225,-963592.4,-66.5334,111.89
2398237,-963579.6,-66.53334,111.8896
2398250,-963566.5,-66.53328,111.8892
2398263,-963553.9,-66.53322,111.8889
2398275,-963539.9,-66.53316,111.8885
2398288,-963527.4,-66.5331,111.8881
2398300,-963514.2,-66.53304,111.8877
2398313,-963501.4,-66.53297,111.8874
2398327,-963487.9,-66.53291,111.887
2398340,-963475.5,-66.53284,111.8866
2398352,-963462.2,-66.53278,111.8862
2398365,-963448.9,-66.53272,111.8859
2398378,-963435.7,-66.53266,111.8855
2398390,-963422.9,-66.5326,111.8851
2398403,-963410.1,-66.53254,111.8847
2398416,-963396.6,-66.53248,111.8844
2398429,-963383.8,-66.53242,111.884
2398441,-963370.3,-66.53236,111.8836
2398453,-963357.2,-66.5323,111.8832
2398466,-963343.8,-66.53223,111.8829
2398478,-963330.9,-66.53218,111.8825
2398491,-963317.9,-66.53212,111.8821
2398504,-963304.9,-66.53206,111.8817
2398516,-963291.1,-66.532,111.8814
2398529,-963278.8,-66.53194,111.881
2398542,-963265.5,-66.53188,111.8806
2398554,-963252.7,-66.53181,111.8802
2398568,-963239.2,-66.53175,111.8799
2398581,-963226.8,-66.53168,111.8795
2398594,-963213.6,-66.53162,111.8791
2398606,-963200.5,-66.53156,111.8788
2398620,-963187.1,-66.5315,111.8784
2398632,-963174.4,-66.53144,111.878
2398644,-963161.2,-66.53138,111.8776
2398658,-963147.9,-66.53132,111.8773
2398670,-963134.8,-66.53126,111.8769
2398683,-963122.2,-66.5312,111.8765
2398695,-963109.1,-66.53114,111.8761
2398709,-963096.4,-66.53107,111.8758
2398721,-963082.8,-66.53101,111.8754
2398734,-963070.6,-66.53094,111.875
2398746,-963057.1,-66.53088,111.8746
2398759,-963043.9,-66.53082,111.8743
2398772,-963031.1,-66.53076,111.8739
2398785,-963018.5,-66.53069,111.8735
2398798,-963005.4,-66.53063,111.8732
2398810,-962992.2,-66.53057,111.8728
2398824,-962979.5,-66.53051,111.8724
2398836,-962966.6,-66.53045,111.872
2398849,-962954,-66.53038,111.8717
2398862,-962940.6,-66.53032,111.8713
2398875,-962927.7,-66.53026,111.8709
2398888,-962914.7,-66.5302,111.8706
2398901,-962902.4,-66.53013,111.8702
2398914,-962888.4,-66.53007,111.8698
2398926,-962876.4,-66.53001,111.8694
2398940,-962863.2,-66.52994,111.8691
2398952,-962850.3,-66.52988,111.8687
2398966,-962837.6,-66.52981,111.8683
2398978,-962824.8,-66.52975,111.868
2398991,-962812.1,-66.52969,111.8676
2399005,-962799.2,-66.52962,111.8672
2399017,-962786.4,-66.52956,111.8668
2399030,-962772.7,-66.5295,111.8665
2399043,-962760.7,-66.52943,111.8661
2399056,-962747.6,-66.52937,111.8657
2399070,-962734.9,-66.5293,111.8653
2399082,-962722.1,-66.52924,111.865
2399094,-962709,-66.52917,111.8646
2399108,-962695.8,-66.52911,111.8642
2399121,-962683.2,-66.52905,111.8639
2399134,-962671.1,-66.52898,111.8635
2399147,-962658.4,-66.52892,111.8631
2399161,-962645.3,-66.52885,111.8628
2399173,-962632.2,-66.52879,111.8624
2399186,-962619.6,-66.52872,111.862
2399198,-962607.4,-66.52866,111.8617
2399212,-962593.9,-66.52859,111.8613
2399226,-962581.6,-66.52853,111.8609
2399239,-962569.1,-66.52846,111.8605
2399251,-962555.9,-66.5284,111.8602
2399264,-962543.1,-66.52833,111.8598
2399277,-962529.9,-66.52827,111.8594
2399290,-962517.9,-66.5282,111.8591
2399304,-962504.8,-66.52814,111.8587
2399316,-962491.9,-66.52807,111.8583
2399329,-962479.6,-66.52801,111.858
2399343,-962467.3,-66.52794,111.8576
2399355,-962454.2,-66.52788,111.8572
2399368,-962441.6,-66.52781,111.8568
2399381,-962428.8,-66.52775,111.8565
2399394,-962415.9,-66.52768,111.8561
2399408,-962403.4,-66.52761,111.8557
2399421,-962390.7,-66.52755,111.8554
2399434,-962378.8,-66.52748,111.855
2399446,-962366.1,-66.52742,111.8547
2399460,-962353.5,-66.52735,111.8543
2399474,-962341.1,-66.52728,111.8539
2399486,-962327.9,-66.52722,111.8535
2399499,-962315.8,-66.52715,111.8532
2399512,-962302.8,-66.52708,111.8528
2399525,-962290.2,-66.52702,111.8524
2399538,-962277.7,-66.52695,111.8521
2399551,-962265.6,-66.52689,111.8517
2399564,-962253.1,-66.52682,111.8513
2399577,-962240.2,-66.52676,111.851
2399590,-962227.9,-66.5267,111.8506
2399604,-962215.4,-66.52663,111.8503
2399617,-962202.8,-66.52656,111.8499
2399630,-962190.6,-66.52649,111.8495
2399643,-962177.7,-66.52643,111.8492
2399656,-962165.2,-66.52636,111.8488
2399670,-962153.2,-66.52629,111.8484
2399683,-962140.8,-66.52622,111.8481
2399696,-962128,-66.52616,111.8477
2399709,-962115.4,-66.52609,111.8473
2399722,-962103.1,-66.52602,111.847
2399735,-962091.1,-66.52596,111.8466
2399748,-962078.3,-66.52589,111.8462
2399762,-962065.4,-66.52583,111.8459
2399775,-962053.4,-66.52576,111.8455
2399788,-962041.1,-66.52569,111.8452
2399801,-962029.1,-66.52562,111.8448
2399814,-962015.9,-66.52555,111.8444
2399827,-962003.9,-66.52549,111.8441
2399840,-961991.4,-66.52542,111.8437
2399854,-961979.1,-66.52535,111.8433
2399867,-961966.2,-66.52528,111.843
2399879,-961954.1,-66.52522,111.8426
2399892,-961941.9,-66.52515,111.8422
2399906,-961929.1,-66.52509,111.8419
2399919,-961916.8,-66.52502,111.8415
2399932,-961904.2,-66.52496,111.8411
2399945,-961892.2,-66.52489,111.8408
2399959,-961879.2,-66.52482,111.8404
2399972,-961867.1,-66.52475,111.8401
2399984,-961854.5,-66.52469,111.8397
2399998,-961842.2,-66.52462,111.8393
2400011,-961829.7,-66.52455,111.839
2400024,-961817.6,-66.52448,111.8386
2400037,-961805.4,-66.52442,111.8382
2400050,-961792.8,-66.52435,111.8379
2400063,-961780.1,-66.52428,111.8375
2400076,-961768.1,-66.52422,111.8372
2400090,-961755.6,-66.52415,111.8368
2400103,-961743.3,-66.52409,111.8364
2400116,-961730.8,-66.52402,111.8361
2400129,-961718.2,-66.52395,111.8357
2400142,-961706.1,-66.52389,111.8353
2400155,-961693.9,-66.52382,111.835
2400169,-961681.1,-66.52375,111.8346
2400182,-961669.1,-66.52368,111.8343
2400194,-961656.7,-66.52362,111.8339
2400208,-961643.7,-66.52355,111.8335
2400221,-961631.5,-66.52348,111.8332
2400234,-961619.3,-66.52341,111.8328
2400247,-961607.3,-66.52335,111.8324
2400261,-961594.5,-66.52328,111.8321
2400274,-961581.9,-66.52321,111.8317
2400286,-961569.5,-66.52315,111.8313
2400300,-961557.3,-66.52308,111.831
2400313,-961544.6,-66.52301,111.8306
2400326,-961532.6,-66.52294,111.8303
2400340,-961519.8,-66.52287,111.8299
2400352,-961507.5,-66.52281,111.8295
2400366,-961495,-66.52274,111.8292
2400379,-961482.7,-66.52267,111.8288
2400392,-961470.1,-66.52261,111.8284
2400405,-961458,-66.52254,111.8281
2400419,-961445.2,-66.52247,111.8277
2400432,-961432.6,-66.5224,111.8273
2400446,-961420.6,-66.52234,111.827
2400458,-961408.3,-66.52227,111.8266
2400472,-961395.2,-66.5222,111.8262
2400485,-961382.7,-66.52213,111.8259
2400498,-961370.2,-66.52206,111.8255
2400511,-961358,-66.522,111.8251
2400525,-961345.2,-66.52193,111.8248
2400538,-961332.8,-66.52187,111.8244
2400551,-961320.8,-66.5218,111.824
2400564,-961307.4,-66.52173,111.8237
2400577,-961294.8,-66.52166,111.8233
2400590,-961282.8,-66.52159,111.8229
2400604,-961270.8,-66.52152,111.8226
2400618,-961257.9,-66.52145,111.8222
2400630,-961245.4,-66.52139,111.8218
2400643,-961232.5,-66.52132,111.8215
2400657,-961220.2,-66.52126,111.8211
2400670,-961207.7,-66.52119,111.8207
2400684,-961195,-66.52112,111.8204
2400697,-961182.4,-66.52105,111.82
2400710,-961169.9,-66.52099,111.8196
2400723,-961157.1,-66.52092,111.8193
2400736,-961144.7,-66.52085,111.8189
2400750,-961132.1,-66.52078,111.8185
2400763,-961119.6,-66.52071,111.8182
2400777,-961107.1,-66.52065,111.8178
2400790,-961094.2,-66.52058,111.8174
2400802,-961081.6,-66.52052,111.8171
2400816,-961069.2,-66.52045,111.8167
2400829,-961056.2,-66.52038,111.8163
2400842,-961043.7,-66.52031,111.8159
2400857,-961031.8,-66.52024,111.8156
2400870,-961018.9,-66.52017,111.8152
2400884,-961006,-66.5201,111.8148
2400896,-960994,-66.52003,111.8145
2400909,-960980.9,-66.51997,111.8141
2400923,-960968.5,-66.51991,111.8137
2400936,-960956,-66.51984,111.8134
2400950,-960943.4,-66.51977,111.813
2400963,-960930.9,-66.5197,111.8126
2400976,-960917.7,-66.51963,111.8123
2400990,-960905.7,-66.51956,111.8119
2401002,-960892.6,-66.5195,111.8115
2401016,-960879.9,-66.51943,111.8112
2401029,-960867.3,-66.51936,111.8108
2401042,-960854.7,-66.51929,111.8104
2401056,-960841.9,-66.51923,111.81
2401069,-960829.6,-66.51916,111.8097
2401082,-960816.7,-66.51909,111.8093
2401095,-960804.1,-66.51903,111.8089
2401108,-960791.3,-66.51896,111.8086
2401122,-960778.7,-66.51889,111.8082
2401135,-960765.9,-66.51882,111.8078
2401149,-960752.9,-66.51875,111.8074
2401162,-960740.9,-66.51868,111.8071
2401176,-960727.8,-66.51862,111.8067
2401189,-960715.1,-66.51855,111.8063
2401202,-960702.2,-66.51849,111.806
2401215,-960689.8,-66.51842,111.8056
2401228,-960676.6,-66.51835,111.8052
2401242,-960663.9,-66.51828,111.8049
2401255,-960651.4,-66.51821,111.8045
2401268,-960638.8,-66.51815,111.8041
2401282,-960625.9,-66.51808,111.8037
2401295,-960612.4,-66.51801,111.8034
2401308,-960600.4,-66.51794,111.803
2401322,-960587.2,-66.51788,111.8026
2401336,-960574.7,-66.51781,111.8022
2401348,-960561.8,-66.51775,111.8019
2401362,-960549.2,-66.51768,111.8015
2401374,-960536.4,-66.51761,111.8011
2401389,-960523.5,-66.51754,111.8008
2401401,-960510.2,-66.51748,111.8004
2401415,-960497.8,-66.51741,111.8
2401428,-960485.2,-66.51734,111.7996
2401442,-960472.1,-66.51727,111.7993
2401454,-960458.8,-66.51721,111.7989
2401468,-960446.3,-66.51714,111.7985
2401482,-960433.1,-66.51707,111.7981
2401495,-960420.4,-66.51701,111.7978
2401508,-960407.3,-66.51694,111.7974
2401521,-960394.8,-66.51688,111.797
2401535,-960381.6,-66.51681,111.7966
2401548,-960368.7,-66.51674,111.7963
2401561,-960355.8,-66.51668,111.7959
2401574,-960342.6,-66.51661,111.7955
2401588,-960329.8,-66.51654,111.7951
2401601,-960317.2,-66.51647,111.7948
2401614,-960303.8,-66.51641,111.7944
2401628,-960291.1,-66.51634,111.794
2401641,-960277.7,-66.51627,111.7936
2401654,-960265.1,-66.5162,111.7933
2401667,-960252,-66.51614,111.7929
2401681,-960239.4,-66.51608,111.7925
2401694,-960226.2,-66.51601,111.7921
2401708,-960213.3,-66.51594,111.7917
2401720,-960200.4,-66.51588,111.7914
2401734,-960187.3,-66.51581,111.791
2401748,-960173.9,-66.51574,111.7906
2401761,-960161.2,-66.51567,111.7902
2401774,-960148.1,-66.51561,111.7899
2401787,-960135.5,-66.51554,111.7895
2401801,-960122,-66.51547,111.7891
2401814,-960109.5,-66.51541,111.7887
2401828,-960096.2,-66.51534,111.7884
2401841,-960083.1,-66.51527,111.788
2401854,-960070.2,-66.51521,111.7876
2401867,-960056.9,-66.51514,111.7872
2401881,-960044.5,-66.51508,111.7868
2401894,-960031,-66.51501,111.7865
2401908,-960018.2,-66.51494,111.7861
2401920,-960005.2,-66.51488,111.7857
2401934,-959992.1,-66.51481,111.7853
2401948,-959978.6,-66.51474,111.785
2401961,-959966,-66.51467,111.7846
2401975,-959953.2,-66.5146,111.7842
2401988,-959940.4,-66.51454,111.7838
2402001,-959927.1,-66.51447,111.7834
2402014,-959914.2,-66.5144,111.7831
2402028,-959901.8,-66.51434,111.7827
2402042,-959888.6,-66.51427,111.7823
2402055,-959875,-66.5142,111.7819
2402068,-959862.4,-66.51413,111.7816
2402081,-959849.3,-66.51407,111.7812
2402094,-959836.6,-66.514,111.7808
2402109,-959823.4,-66.51393,111.7804
2402122,-959810,-66.51386,111.7801
2402136,-959797.6,-66.51379,111.7797
2402149,-959784.3,-66.51373,111.7793
2402162,-959771.7,-66.51366,111.7789
2402176,-959758.5,-66.51359,111.7785
2402189,-959745.9,-66.51352,111.7782
2402203,-959732.7,-66.51345,111.7778
2402217,-959719.9,-66.51338,111.7774
2402230,-959707.6,-66.51331,111.777
2402244,-959694.7,-66.51324,111.7767
2402257,-959681.1,-66.51318,111.7763
2402271,-959668.7,-66.51311,111.7759
2402285,-959655.6,-66.51304,111.7755
2402298,-959642.8,-66.51297,111.7752
2402311,-959629.4,-66.5129,111.7748
2402325,-959616.9,-66.51283,111.7744
2402338,-959603.9,-66.51276,111.774
2402351,-959591.5,-66.5127,111.7737
2402366,-959578.7,-66.51262,111.7733
2402380,-959565.7,-66.51255,111.7729
2402393,-959552.9,-66.51248,111.7725
2402406,-959540.3,-66.51241,111.7722
2402420,-959527.2,-66.51234,111.7718
2402434,-959514.9,-66.51227,111.7714
2402448,-959502.3,-66.5122,111.771
2402462,-959488.9,-66.51213,111.7707
2402475,-959476.1,-66.51206,111.7703
2402488,-959463.1,-66.51199,111.7699
2402502,-959451.1,-66.51192,111.7695
2402516,-959438.2,-66.51185,111.7692
2402530,-959425.6,-66.51178,111.7688
2402543,-959412.7,-66.51171,111.7684
2402556,-959400.2,-66.51164,111.768
2402570,-959386.8,-66.51157,111.7677
2402583,-959374,-66.51151,111.7673
2402598,-959362,-66.51143,111.7669
2402611,-959349.2,-66.51136,111.7665
2402625,-959336.1,-66.51129,111.7662
2402638,-959323.3,-66.51122,111.7658
2402652,-959310.8,-66.51115,111.7654
2402665,-959298.1,-66.51109,111.7651
2402679,-959285,-66.51102,111.7647
2402693,-959272.4,-66.51094,111.7643
2402706,-959260.1,-66.51087,111.7639
2402719,-959246.8,-66.51081,111.7636
2402733,-959234,-66.51073,111.7632
2402747,-959221.2,-66.51067,111.7628
2402760,-959208.8,-66.5106,111.7624
2402774,-959195.3,-66.51053,111.762
2402787,-959182.8,-66.51046,111.7617
2402800,-959169.8,-66.51039,111.7613
2402814,-959157.4,-66.51032,111.7609
2402828,-959144.3,-66.51025,111.7606
2402842,-959131.8,-66.51019,111.7602
2402855,-959118.7,-66.51012,111.7598
2402868,-959106.2,-66.51005,111.7594
2402882,-959093.1,-66.50998,111.7591
2402895,-959080.4,-66.50991,111.7587
2402908,-959067.5,-66.50984,111.7583
2402922,-959054.9,-66.50977,111.7579
2402936,-959041.8,-66.5097,111.7576
2402949,-959028.9,-66.50964,111.7572
2402962,-959016.6,-66.50957,111.7568
2402976,-959003.4,-66.5095,111.7564
2402989,-958990.6,-66.50943,111.7561
2403003,-958977.6,-66.50936,111.7557
2403017,-958965.6,-66.50929,111.7553
2403030,-958952.4,-66.50922,111.755
2403044,-958939.6,-66.50915,111.7546
2403058,-958926.9,-66.50908,111.7542
2403071,-958914.6,-66.50901,111.7538
2403085,-958901.4,-66.50894,111.7535
2403098,-958888.4,-66.50887,111.7531
2403112,-958875.6,-66.5088,111.7527
2403125,-958862.8,-66.50874,111.7523
2403138,-958849.8,-66.50867,111.7519
2403152,-958836.9,-66.5086,111.7516
2403166,-958824.1,-66.50853,111.7512
2403179,-958811.1,-66.50846,111.7508
2403192,-958798.3,-66.50839,111.7504
2403206,-958785.1,-66.50832,111.7501
2403219,-958772.4,-66.50826,111.7497
2403233,-958759.6,-66.50819,111.7493
2403247,-958746.1,-66.50812,111.7489
2403261,-958733.9,-66.50805,111.7486
2403274,-958720.6,-66.50798,111.7482
2403288,-958708.1,-66.50791,111.7478
2403301,-958694.6,-66.50784,111.7474
2403314,-958681.3,-66.50777,111.747
2403327,-958668.8,-66.50771,111.7467
2403341,-958655.6,-66.50764,111.7463
2403355,-958642.1,-66.50758,111.7459
2403368,-958629.1,-66.50751,111.7455
2403381,-958616.5,-66.50744,111.7452
2403395,-958603.2,-66.50737,111.7448
2403409,-958589.6,-66.5073,111.7444
2403422,-958577,-66.50723,111.744
2403436,-958564.2,-66.50716,111.7436
2403450,-958550.8,-66.5071,111.7432
2403462,-958537.2,-66.50703,111.7429
2403476,-958524.4,-66.50697,111.7425
2403490,-958511.3,-66.5069,111.7421
2403503,-958497.4,-66.50683,111.7417
2403517,-958484.6,-66.50676,111.7413
2403530,-958471.6,-66.50669,111.741
2403543,-958458.2,-66.50663,111.7406
2403558,-958445.3,-66.50655,111.7402
2403570,-958431.4,-66.50649,111.7398
2403584,-958418.6,-66.50642,111.7394
2403597,-958405.4,-66.50636,111.739
2403611,-958391.7,-66.50629,111.7387
2403625,-958379.1,-66.50622,111.7383
2403639,-958365.9,-66.50615,111.7379
2403652,-958353,-66.50608,111.7375
2403666,-958339.5,-66.50601,111.7371
2403680,-958326.1,-66.50594,111.7367
2403693,-958312.9,-66.50587,111.7364
2403706,-958299.8,-66.50581,111.736
2403720,-958286.2,-66.50574,111.7356
2403734,-958272.9,-66.50567,111.7352
2403747,-958259.3,-66.50561,111.7348
2403761,-958245.9,-66.50554,111.7344
2403774,-958232.9,-66.50547,111.734
2403788,-958219.4,-66.5054,111.7337
2403802,-958206.3,-66.50533,111.7333
2403815,-958193.1,-66.50526,111.7329
2403829,-958179.6,-66.5052,111.7325
2403842,-958165.8,-66.50513,111.7321
2403855,-958152.7,-66.50507,111.7317
2403869,-958139.1,-66.505,111.7313
2403882,-958125.9,-66.50493,111.731
2403895,-958112.5,-66.50487,111.7306
2403909,-958099,-66.5048,111.7302
2403923,-958085.6,-66.50473,111.7298
2403936,-958072.1,-66.50466,111.7294
2403950,-958059.2,-66.5046,111.729
2403964,-958045.8,-66.50453,111.7286
2403977,-958031.9,-66.50446,111.7283
2403990,-958018.4,-66.50439,111.7279
2404004,-958005.6,-66.50433,111.7275
2404018,-957992.1,-66.50426,111.7271
2404031,-957978.6,-66.5042,111.7267
2404043,-957964.6,-66.50414,111.7263
2404058,-957951.5,-66.50407,111.7259
2404072,-957937.7,-66.504,111.7255
2404084,-957924.2,-66.50394,111.7252
2404097,-957910.6,-66.50387,111.7248
2404110,-957897.2,-66.50381,111.7244
2404124,-957883.4,-66.50374,111.724
2404137,-957870.2,-66.50368,111.7236
2404151,-957856.8,-66.50361,111.7232
2404163,-957843.1,-66.50355,111.7228
2404178,-957829.9,-66.50348,111.7224
2404192,-957816.4,-66.50341,111.7221
2404204,-957802.3,-66.50335,111.7217
2404217,-957789.2,-66.50328,111.7213
2404231,-957775.4,-66.50322,111.7209
2404244,-957761.6,-66.50315,111.7205
2404258,-957748.8,-66.50308,111.7201
2404271,-957735.2,-66.50302,111.7197
2404285,-957721.8,-66.50295,111.7193
2404297,-957707.8,-66.50289,111.719
2404312,-957694.5,-66.50282,111.7186
2404325,-957681.1,-66.50275,111.7182
2404338,-957666.8,-66.50269,111.7178
2404351,-957653.8,-66.50262,111.7174
2404366,-957640.6,-66.50256,111.717
2404378,-957626.8,-66.50249,111.7166
2404391,-957613.1,-66.50243,111.7162
2404405,-957599.9,-66.50236,111.7159
2404418,-957586.8,-66.5023,111.7155
2404432,-957572.6,-66.50223,111.7151
2404446,-957559.8,-66.50216,111.7147
2404459,-957545.4,-66.5021,111.7143
2404472,-957532.5,-66.50203,111.7139
2404486,-957518.7,-66.50196,111.7135
2404500,-957505.1,-66.5019,111.7131
2404513,-957491.8,-66.50183,111.7128
2404526,-957478.2,-66.50176,111.7124
2404540,-957464.6,-66.50169,111.712
2404554,-957451.7,-66.50163,111.7116
2404567,-957437.8,-66.50156,111.7112
2404580,-957424.7,-66.5015,111.7108
2404594,-957410.9,-66.50143,111.7104
2404607,-957397.1,-66.50137,111.71
2404621,-957383.6,-66.5013,111.7096
2404634,-957370.8,-66.50123,111.7093
2404648,-957356.4,-66.50117,111.7089
2404661,-957343.1,-66.5011,111.7085
2404675,-957330,-66.50103,111.7081
2404688,-957316.5,-66.50096,111.7077
2404702,-957302.8,-66.50089,111.7073
2404715,-957288.9,-66.50083,111.7069
2404729,-957276.2,-66.50076,111.7065
2404743,-957261.8,-66.50069,111.7061
2404756,-957248.6,-66.50063,111.7058
2404769,-957234.8,-66.50056,111.7054
2404782,-957221.9,-66.5005,111.705
2404796,-957208.2,-66.50043,111.7046
2404810,-957194.6,-66.50036,111.7042
2404824,-957181.2,-66.50029,111.7038
2404838,-957167.7,-66.50023,111.7034
2404851,-957153.9,-66.50016,111.703
2404864,-957140.1,-66.50009,111.7026
2404878,-957126.9,-66.50002,111.7023
2404892,-957113.5,-66.49996,111.7019
2404905,-957099.6,-66.49989,111.7015
2404919,-957086.1,-66.49982,111.7011
2404933,-957072.8,-66.49976,111.7007
2404945,-957059.5,-66.49969,111.7003
2404959,-957045.7,-66.49962,111.6999
2404973,-957032.3,-66.49956,111.6995
2404986,-957019.1,-66.49949,111.6992
2405000,-957005.6,-66.49942,111.6988
2405014,-956991.8,-66.49935,111.6984
2405028,-956978.4,-66.49928,111.698
2405041,-956964.9,-66.49921,111.6976
2405055,-956951.4,-66.49915,111.6972
2405068,-956937.6,-66.49908,111.6968
2405082,-956924.5,-66.49902,111.6964
2405095,-956910.9,-66.49895,111.696
2405110,-956897.2,-66.49887,111.6956
2405123,-956884.2,-66.4988,111.6953
2405138,-956871.2,-66.49873,111.6949
2405151,-956858.1,-66.49866,111.6945
2405164,-956843.8,-66.4986,111.6941
2405178,-956830.8,-66.49853,111.6937
2405191,-956817.3,-66.49846,111.6933
2405205,-956804,-66.49839,111.6929
2405220,-956791.1,-66.49831,111.6925
2405234,-956777.4,-66.49825,111.6922
2405248,-956764,-66.49818,111.6918
2405261,-956751.2,-66.49811,111.6914
2405275,-956737.4,-66.49804,111.691
2405288,-956724.1,-66.49797,111.6906
2405302,-956711.2,-66.4979,111.6902
2405316,-956697.9,-66.49783,111.6898
2405329,-956683.6,-66.49776,111.6895
2405343,-956670.4,-66.4977,111.6891
2405357,-956657.3,-66.49763,111.6887
2405371,-956643.8,-66.49755,111.6883
2405384,-956630.5,-66.49748,111.6879
2405398,-956617.6,-66.49741,111.6875
2405412,-956604.2,-66.49734,111.6871
2405426,-956590.9,-66.49728,111.6867
2405440,-956577.4,-66.49721,111.6864
2405454,-956563.9,-66.49714,111.686
2405467,-956551.1,-66.49707,111.6856
2405481,-956537,-66.497,111.6852
2405494,-956524.1,-66.49693,111.6848
2405508,-956510.6,-66.49686,111.6844
2405522,-956497.7,-66.4968,111.684
2405536,-956483.7,-66.49673,111.6836
2405549,-956470.2,-66.49666,111.6833
2405563,-956457.2,-66.49659,111.6829
2405576,-956444.4,-66.49652,111.6825
2405590,-956430.3,-66.49645,111.6821
2405603,-956417.2,-66.49638,111.6817
2405618,-956404.4,-66.49632,111.6813
2405631,-956390.9,-66.49625,111.681
2405645,-956377.1,-66.49617,111.6806
2405659,-956364.4,-66.4961,111.6802
2405673,-956351.3,-66.49603,111.6798
2405686,-956338.4,-66.49596,111.6794
2405700,-956324.3,-66.4959,111.679
2405714,-956311.4,-66.49583,111.6786
2405728,-956297.9,-66.49576,111.6783
2405741,-956284.4,-66.49569,111.6779
2405754,-956271.4,-66.49562,111.6775
2405768,-956258.3,-66.49555,111.6771
2405783,-956245.1,-66.49548,111.6767
2405796,-956231.6,-66.49541,111.6763
2405810,-956218.8,-66.49534,111.6759
2405824,-956205.5,-66.49527,111.6756
2405838,-956192.6,-66.4952,111.6752
2405851,-956179,-66.49513,111.6748
2405866,-956165.9,-66.49506,111.6744
2405879,-956152.6,-66.49499,111.674
2405893,-956139.8,-66.49492,111.6737
2405906,-956125.9,-66.49485,111.6733
2405920,-956112.8,-66.49478,111.6729
2405934,-956099.8,-66.49471,111.6725
2405948,-956086.9,-66.49464,111.6721
2405962,-956073.2,-66.49457,111.6717
2405975,-956060.5,-66.4945,111.6713
2405989,-956047.2,-66.49442,111.671
2406003,-956034,-66.49435,111.6706
2406016,-956020.9,-66.49429,111.6702
2406032,-956008.2,-66.49421,111.6698
2406045,-955995.2,-66.49414,111.6694
2406058,-955981.8,-66.49407,111.669
2406073,-955968.6,-66.494,111.6687
2406086,-955955.4,-66.49393,111.6683
2406100,-955942.6,-66.49386,111.6679
2406114,-955929.3,-66.49378,111.6675
2406128,-955915.8,-66.49371,111.6671
2406142,-955903.2,-66.49364,111.6668
2406156,-955890.5,-66.49357,111.6664
2406169,-955877,-66.4935,111.666
2406183,-955863.5,-66.49343,111.6656
2406198,-955850.9,-66.49335,111.6652
2406212,-955838,-66.49329,111.6648
2406226,-955824.7,-66.49321,111.6645
2406239,-955811.8,-66.49314,111.6641
2406253,-955798.6,-66.49307,111.6637
2406267,-955785.9,-66.493,111.6633
2406280,-955772.4,-66.49293,111.6629
2406296,-955759.8,-66.49285,111.6626
2406309,-955746.9,-66.49278,111.6622
2406323,-955734,-66.49271,111.6618
2406337,-955720.6,-66.49264,111.6614
2406351,-955707.8,-66.49256,111.661
2406364,-955695.2,-66.49249,111.6607
2406379,-955682.1,-66.49242,111.6603
2406393,-955668.6,-66.49235,111.6599
2406407,-955656.2,-66.49227,111.6595
2406420,-955643.1,-66.4922,111.6591
2406434,-955629.7,-66.49213,111.6587
2406448,-955617,-66.49206,111.6584
2406462,-955604.2,-66.49199,111.658
2406476,-955591.3,-66.49191,111.6576
2406490,-955578.2,-66.49184,111.6572
2406504,-955565.3,-66.49177,111.6568
2406518,-955552.5,-66.4917,111.6565
2406531,-955539.6,-66.49163,111.6561
2406546,-955526.8,-66.49155,111.6557
2406560,-955513.4,-66.49149,111.6553
2406574,-955501.1,-66.49141,111.655
2406587,-955488.1,-66.49134,111.6546
2406602,-955474.9,-66.49126,111.6542
2406616,-955461.8,-66.4912,111.6538
2406628,-955449,-66.49113,111.6534
2406643,-955435.8,-66.49105,111.6531
2406658,-955422.7,-66.49098,111.6527
2406671,-955409.9,-66.49091,111.6523
2406684,-955397.1,-66.49084,111.6519
2406698,-955383.6,-66.49077,111.6515
2406712,-955370.9,-66.49069,111.6511
2406726,-955357.6,-66.49062,111.6508
2406739,-955344.8,-66.49055,111.6504
2406754,-955331.8,-66.49048,111.65
2406768,-955319.2,-66.49041,111.6496
2406781,-955305.7,-66.49034,111.6492
2406795,-955293.3,-66.49026,111.6489
2406809,-955279.8,-66.4902,111.6485
2406822,-955266.6,-66.49013,111.6481
2406837,-955254,-66.49005,111.6477
2406850,-955241.4,-66.48998,111.6474
2406865,-955228.4,-66.48991,111.647
2406878,-955214.8,-66.48984,111.6466
2406892,-955202.1,-66.48977,111.6462
2406906,-955189.6,-66.48969,111.6458
2406920,-955176.1,-66.48962,111.6454
2406934,-955163.2,-66.48955,111.6451
2406948,-955150.6,-66.48948,111.6447
2406961,-955137.6,-66.48941,111.6443
2406976,-955124.6,-66.48933,111.6439
2406989,-955112,-66.48927,111.6436
2407004,-955098.8,-66.48919,111.6432
2407017,-955086.2,-66.48912,111.6428
2407032,-955072.9,-66.48904,111.6424
2407045,-955060,-66.48898,111.642
2407058,-955047.3,-66.48891,111.6417
2407073,-955034.2,-66.48883,111.6413
2407087,-955021.3,-66.48875,111.6409
2407100,-955008.6,-66.48869,111.6405
2407116,-954996.3,-66.48861,111.6402
2407128,-954982.4,-66.48854,111.6398
2407143,-954970.2,-66.48846,111.6394
2407156,-954957.1,-66.4884,111.639
2407170,-954944.8,-66.48832,111.6386
2407184,-954931.2,-66.48825,111.6383
2407199,-954918.8,-66.48817,111.6379
2407212,-954906,-66.48811,111.6375
2407226,-954892.9,-66.48803,111.6371
2407241,-954880,-66.48795,111.6367
2407254,-954867.2,-66.48788,111.6364
2407269,-954854.9,-66.48781,111.636
2407282,-954842.1,-66.48774,111.6356
2407296,-954828.9,-66.48766,111.6352
2407311,-954816.9,-66.48759,111.6349
2407325,-954803.6,-66.48752,111.6345
2407338,-954791,-66.48744,111.6341
2407353,-954778.7,-66.48737,111.6337
2407366,-954765.6,-66.4873,111.6334
2407380,-954752.9,-66.48722,111.633
2407395,-954740.1,-66.48714,111.6326
2407409,-954727.2,-66.48707,111.6322
2407422,-954714.4,-66.487,111.6319
2407436,-954702.1,-66.48692,111.6315
2407451,-954689.1,-66.48685,111.6311
2407466,-954676.8,-66.48677,111.6307
2407479,-954664.2,-66.4867,111.6304
2407493,-954651.6,-66.48663,111.63
2407507,-954638.6,-66.48655,111.6296
2407522,-954626.2,-66.48647,111.6292
2407536,-954613.9,-66.4864,111.6289
2407550,-954601.3,-66.48632,111.6285
2407565,-954588.4,-66.48624,111.6281
2407579,-954576.3,-66.48617,111.6277
2407592,-954563.1,-66.4861,111.6274
2407607,-954551.2,-66.48602,111.627
2407622,-954538.2,-66.48594,111.6266
2407635,-954525.5,-66.48587,111.6262
2407650,-954512.7,-66.48579,111.6259
2407663,-954500.8,-66.48572,111.6255
2407678,-954487.6,-66.48564,111.6251
2407692,-954475.2,-66.48557,111.6247
2407706,-954462.4,-66.48549,111.6244
2407720,-954449.7,-66.48541,111.624
2407735,-954437.6,-66.48534,111.6236
2407749,-954425.3,-66.48526,111.6232
2407763,-954412.8,-66.48518,111.6229
2407778,-954399.6,-66.48511,111.6225
2407792,-954387.6,-66.48503,111.6221
2407806,-954375,-66.48495,111.6217
2407820,-954362.2,-66.48489,111.6214
2407835,-954349.6,-66.4848,111.621
2407848,-954337,-66.48473,111.6206
2407862,-954324.5,-66.48466,111.6202
2407876,-954311.9,-66.48458,111.6199
2407891,-954299.1,-66.4845,111.6195
2407905,-954286.9,-66.48443,111.6191
2407919,-954274.2,-66.48435,111.6188
2407934,-954261.9,-66.48428,111.6184
2407948,-954248.9,-66.4842,111.618
2407962,-954237.2,-66.48412,111.6176
2407976,-954223.9,-66.48405,111.6173
2407989,-954211.8,-66.48398,111.6169
2408005,-954199.2,-66.48389,111.6165
2408018,-954186.6,-66.48383,111.6161
2408032,-954174.2,-66.48375,111.6158
2408047,-954161.2,-66.48367,111.6154
2408061,-954148.9,-66.4836,111.615
2408076,-954136.8,-66.48352,111.6146
2408089,-954124.1,-66.48345,111.6143
2408103,-954111.4,-66.48338,111.6139
2408117,-954099,-66.4833,111.6135
2408131,-954086.1,-66.48322,111.6132
2408146,-954074.5,-66.48315,111.6128
2408159,-954061.4,-66.48307,111.6124
2408174,-954049,-66.483,111.612
2408188,-954036.6,-66.48293,111.6117
2408202,-954024.3,-66.48285,111.6113
2408216,-954011.6,-66.48277,111.6109
2408229,-953999,-66.4827,111.6106
2408244,-953986.9,-66.48263,111.6102
2408257,-953973.9,-66.48255,111.6098
2408270,-953961.3,-66.48248,111.6095
2408286,-953949,-66.48241,111.6091
2408300,-953936.8,-66.48233,111.6087
2408313,-953924.2,-66.48226,111.6083
2408327,-953911.6,-66.48219,111.608
2408341,-953899.1,-66.48211,111.6076
2408354,-953886.4,-66.48204,111.6072
2408368,-953874.4,-66.48196,111.6069
2408383,-953861.4,-66.48189,111.6065
2408396,-953849.3,-66.48182,111.6061
2408410,-953836.9,-66.48174,111.6058
2408425,-953824.1,-66.48167,111.6054
2408438,-953811.3,-66.4816,111.605
2408452,-953798.9,-66.48152,111.6046
2408466,-953786.4,-66.48145,111.6043
2408480,-953773.4,-66.48138,111.6039
2408493,-953761.4,-66.48131,111.6035
2408508,-953749.3,-66.48123,111.6032
2408521,-953736.7,-66.48116,111.6028
2408535,-953723.6,-66.48109,111.6024
2408549,-953711.2,-66.48101,111.602
2408562,-953698.6,-66.48094,111.6017
2408576,-953686.9,-66.48087,111.6013
2408590,-953673.8,-66.48079,111.6009
2408604,-953661.2,-66.48072,111.6006
2408618,-953649.1,-66.48064,111.6002
2408632,-953636.5,-66.48058,111.5998
2408646,-953623.7,-66.4805,111.5994
2408660,-953610.9,-66.48043,111.5991
2408673,-953598.9,-66.48035,111.5987
2408687,-953586.4,-66.48029,111.5984
2408701,-953573.4,-66.48021,111.598
2408715,-953561.1,-66.48014,111.5976
2408728,-953548.4,-66.48006,111.5972
2408743,-953535.9,-66.47999,111.5969
2408756,-953523.3,-66.47992,111.5965
2408770,-953510.8,-66.47985,111.5961
2408784,-953498.4,-66.47977,111.5957
2408798,-953485.1,-66.47971,111.5954
2408812,-953472.4,-66.47963,111.595
2408825,-953460.1,-66.47956,111.5946
2408840,-953447.6,-66.47948,111.5943
2408853,-953434.4,-66.47942,111.5939
2408867,-953422.1,-66.47934,111.5935
2408881,-953409.4,-66.47927,111.5931
2408894,-953396.9,-66.47919,111.5928
2408908,-953384.1,-66.47913,111.5924
2408922,-953371.1,-66.47905,111.592
2408936,-953358.7,-66.47898,111.5916
2408950,-953346.1,-66.47891,111.5913
2408964,-953333.2,-66.47884,111.5909
2408977,-953319.9,-66.47877,111.5905
2408991,-953307.7,-66.47869,111.5901
2409005,-953294.9,-66.47862,111.5898
2409020,-953281.6,-66.47855,111.5894
2409033,-953268.4,-66.47848,111.589
2409046,-953255.6,-66.47841,111.5886
2409060,-953242.4,-66.47833,111.5882
2409074,-953228.8,-66.47826,111.5879
2409089,-953216.8,-66.47819,111.5875
2409102,-953203.9,-66.47812,111.5871
2409117,-953190.7,-66.47804,111.5867
2409131,-953177.2,-66.47797,111.5863
2409144,-953164.1,-66.47791,111.5859
2409158,-953151.2,-66.47783,111.5856
2409172,-953137.3,-66.47776,111.5852
2409186,-953124.4,-66.47768,111.5848
2409200,-953111.2,-66.47762,111.5844
2409214,-953098.2,-66.47754,111.584
2409228,-953084.4,-66.47747,111.5836
2409242,-953071.2,-66.47739,111.5832
2409256,-953058,-66.47733,111.5829
2409271,-953045,-66.47725,111.5825
2409285,-953031.2,-66.47718,111.5821
2409299,-953018,-66.4771,111.5817
2409313,-953004.4,-66.47704,111.5813
2409327,-952991.4,-66.47696,111.5809
2409341,-952977.1,-66.47689,111.5805
2409356,-952963.2,-66.47681,111.5801
2409370,-952950.2,-66.47675,111.5797
2409384,-952936.2,-66.47667,111.5793
2409397,-952922.2,-66.4766,111.5789
2409413,-952909.1,-66.47652,111.5785
2409427,-952895,-66.47646,111.5781
2409441,-952881.4,-66.47638,111.5777
2409455,-952867.1,-66.47631,111.5773
2409470,-952853.6,-66.47623,111.5769
2409484,-952839.2,-66.47617,111.5765
2409499,-952825.6,-66.47609,111.5761
2409513,-952811.3,-66.47601,111.5757
2409528,-952798.1,-66.47594,111.5753
2409542,-952783.9,-66.47587,111.5749
2409556,-952769.2,-66.4758,111.5745
2409571,-952755.1,-66.47572,111.5741
2409584,-952740.9,-66.47565,111.5737
2409599,-952727.1,-66.47558,111.5733
2409615,-952713.1,-66.4755,111.5728
2409629,-952698.7,-66.47543,111.5724
2409643,-952684.5,-66.47536,111.572
2409658,-952670.8,-66.47528,111.5716
2409674,-952655.8,-66.4752,111.5712
2409687,-952641.7,-66.47514,111.5708
2409703,-952627.9,-66.47506,111.5704
2409717,-952613.4,-66.47498,111.57
2409732,-952599.1,-66.47491,111.5695
2409748,-952584.4,-66.47483,111.5691
2409762,-952570.4,-66.47476,111.5687
2409777,-952555.6,-66.47468,111.5683
2409791,-952540.9,-66.47461,111.5679
2409806,-952526.4,-66.47453,111.5675
2409822,-952512.4,-66.47446,111.567
2409836,-952497.4,-66.47438,111.5666
2409852,-952483,-66.4743,111.5662
2409866,-952468.6,-66.47423,111.5658
2409882,-952453.9,-66.47415,111.5653
2409896,-952438.9,-66.47408,111.5649
2409912,-952424.2,-66.474,111.5645
2409927,-952409.3,-66.47392,111.5641
2409942,-952394.9,-66.47385,111.5636
2409958,-952379.9,-66.47376,111.5632
2409974,-952365.5,-66.47369,111.5628
2409988,-952350.2,-66.47361,111.5623
2410004,-952335.6,-66.47353,111.5619
2410020,-952320.3,-66.47345,111.5615
2410035,-952305.4,-66.47337,111.5611
2410050,-952290.4,-66.4733,111.5606
2410065,-952275.3,-66.47322,111.5602
2410082,-952260.1,-66.47314,111.5597
2410097,-952244.9,-66.47306,111.5593
2410112,-952230.2,-66.47298,111.5589
2410128,-952214.6,-66.4729,111.5584
2410144,-952199.6,-66.47282,111.558
2410159,-952184.2,-66.47275,111.5575
2410175,-952169.3,-66.47266,111.5571
2410190,-952153.8,-66.47259,111.5567
2410207,-952138.8,-66.4725,111.5562
2410222,-952123.1,-66.47243,111.5558
2410238,-952107.8,-66.47235,111.5553
2410254,-952091.9,-66.47227,111.5549
2410269,-952076.4,-66.47219,111.5544
2410286,-952061.7,-66.47211,111.554
2410301,-952045.5,-66.47203,111.5535
2410317,-952029.7,-66.47195,111.5531
2410332,-952014.1,-66.47187,111.5526
2410350,-951998.9,-66.47179,111.5522
2410364,-951983,-66.47171,111.5517
2410381,-951967.2,-66.47163,111.5513
2410396,-951951.3,-66.47155,111.5508
2410413,-951935.7,-66.47147,111.5504
2410428,-951920,-66.47139,111.5499
2410445,-951904.1,-66.47131,111.5495
2410461,-951888.6,-66.47122,111.549
2410478,-951872.9,-66.47115,111.5486
2410494,-951856.6,-66.47106,111.5481
2410510,-951840.7,-66.47098,111.5476
2410526,-951824.9,-66.4709,111.5472
2410542,-951809,-66.47082,111.5467
2410558,-951792.6,-66.47073,111.5463
2410575,-951777.2,-66.47065,111.5458
2410590,-951761.1,-66.47057,111.5453
2410608,-951745.7,-66.47049,111.5449
2410624,-951728.9,-66.47041,111.5444
2410640,-951712.8,-66.47033,111.544
2410656,-951697.2,-66.47025,111.5435
2410672,-951681.4,-66.47016,111.543
2410688,-951664.7,-66.47008,111.5426
2410705,-951649.1,-66.46999,111.5421
2410721,-951632.7,-66.46992,111.5416
2410738,-951617.1,-66.46983,111.5412
2410754,-951600.4,-66.46975,111.5407
2410770,-951584.8,-66.46967,111.5403
2410788,-951568.8,-66.46958,111.5398
2410804,-951552.9,-66.4695,111.5393
2410820,-951536.4,-66.46941,111.5389
2410836,-951520.6,-66.46933,111.5384
2410854,-951504.7,-66.46925,111.5379
2410870,-951488,-66.46916,111.5375
2410886,-951472.1,-66.46908,111.537
2410904,-951456.3,-66.46899,111.5365
2410920,-951440.1,-66.46891,111.5361
2410937,-951423.6,-66.46883,111.5356
2410953,-951407.3,-66.46874,111.5351
2410970,-951391.8,-66.46866,111.5347
2410986,-951375.4,-66.46857,111.5342
2411002,-951358.8,-66.46849,111.5337
2411019,-951342.7,-66.46841,111.5333
2411036,-951326.7,-66.46832,111.5328
2411052,-951310.4,-66.46824,111.5323
2411070,-951294.1,-66.46815,111.5319
2411087,-951278.4,-66.46806,111.5314
2411103,-951262.3,-66.46798,111.5309
2411119,-951246.2,-66.4679,111.5305
2411137,-951229.4,-66.46781,111.53
2411153,-951213.3,-66.46773,111.5295
2411170,-951196.9,-66.46764,111.529
2411186,-951181.3,-66.46755,111.5286
2411204,-951164.6,-66.46747,111.5281
2411220,-951148.2,-66.46738,111.5276
2411237,-951131.8,-66.4673,111.5272
2411254,-951115.9,-66.46722,111.5267
2411271,-951098.9,-66.46713,111.5262
2411287,-951082.7,-66.46705,111.5257
2411303,-951066.3,-66.46696,111.5253
2411322,-951050,-66.46687,111.5248
2411339,-951034,-66.46679,111.5243
2411355,-951017.9,-66.46671,111.5238
2411372,-951001.2,-66.46662,111.5234
2411388,-950984.2,-66.46654,111.5229
2411405,-950968.3,-66.46645,111.5224
2411422,-950951.4,-66.46637,111.5219
2411438,-950935.4,-66.46629,111.5215
2411455,-950918.4,-66.4662,111.521
2411472,-950901.9,-66.46612,111.5205
2411488,-950885.9,-66.46603,111.5201
2411505,-950869.4,-66.46595,111.5196
2411522,-950852.4,-66.46587,111.5191
2411539,-950836.4,-66.46578,111.5186
2411555,-950819.9,-66.4657,111.5182
2411572,-950803.3,-66.46561,111.5177
2411589,-950786.7,-66.46552,111.5172
2411606,-950770.2,-66.46544,111.5167
2411622,-950753.4,-66.46535,111.5163
2411639,-950737.4,-66.46527,111.5158
2411656,-950720.6,-66.46519,111.5153
2411673,-950703.9,-66.4651,111.5148
2411690,-950687.8,-66.46502,111.5144
2411708,-950671.3,-66.46493,111.5139
2411724,-950654.6,-66.46484,111.5134
2411741,-950637.9,-66.46476,111.5129
2411758,-950621.7,-66.46468,111.5124
2411776,-950605.1,-66.46458,111.512
2411792,-950588.4,-66.4645,111.5115
2411809,-950572.5,-66.46442,111.511
2411826,-950555.7,-66.46433,111.5105
2411842,-950538.7,-66.46425,111.51
2411859,-950522.1,-66.46416,111.5096
2411877,-950505.8,-66.46407,111.5091
2411893,-950489.3,-66.46399,111.5086
2411910,-950472.4,-66.46391,111.5081
2411928,-950456.2,-66.46381,111.5077
2411944,-950439.5,-66.46373,111.5072
2411962,-950423.4,-66.46365,111.5067
2411978,-950406.1,-66.46356,111.5062
2411996,-950389.3,-66.46347,111.5057
2412012,-950372.9,-66.46339,111.5053
2412029,-950356.2,-66.4633,111.5048
2412047,-950339.6,-66.46321,111.5043
2412064,-950322.8,-66.46313,111.5038
2412081,-950306.2,-66.46304,111.5033
2412098,-950289.2,-66.46295,111.5028
2412115,-950272.4,-66.46287,111.5024
2412132,-950255.9,-66.46278,111.5019
2412149,-950239.2,-66.4627,111.5014
2412166,-950222.2,-66.46261,111.5009
2412184,-950205.8,-66.46252,111.5004
2412201,-950189.7,-66.46243,111.5
2412218,-950172.7,-66.46235,111.4995
2412236,-950155.6,-66.46226,111.499
2412252,-950138.9,-66.46217,111.4985
2412269,-950121.9,-66.46209,111.498
2412287,-950105.7,-66.462,111.4975
2412304,-950088.5,-66.46191,111.497
2412321,-950071.7,-66.46182,111.4966
2412338,-950054.9,-66.46174,111.4961
2412355,-950038.2,-66.46165,111.4956
2412372,-950020.8,-66.46156,111.4951
2412390,-950004.9,-66.46147,111.4946
2412407,-949988.1,-66.46139,111.4941
2412424,-949970.9,-66.4613,111.4937
2412442,-949953.9,-66.46121,111.4932
2412459,-949936.3,-66.46113,111.4927
2412477,-949920.4,-66.46104,111.4922
2412494,-949902.6,-66.46095,111.4917
2412512,-949885.9,-66.46086,111.4912
2412528,-949868.9,-66.46078,111.4907
2412546,-949851.9,-66.46069,111.4902
2412564,-949834.6,-66.4606,111.4897
2412581,-949817.5,-66.46051,111.4892
2412598,-949801.2,-66.46043,111.4888
2412615,-949783.6,-66.46034,111.4883
2412633,-949766.4,-66.46025,111.4878
2412650,-949749.6,-66.46016,111.4873
2412667,-949732.6,-66.46008,111.4868
2412686,-949716.2,-66.45998,111.4863
2412702,-949698.2,-66.4599,111.4858
2412720,-949681.5,-66.45981,111.4853
2412738,-949664.5,-66.45972,111.4848
2412755,-949647.2,-66.45963,111.4843
2412774,-949629.9,-66.45954,111.4838
2412791,-949613.1,-66.45945,111.4833
2412808,-949596.1,-66.45937,111.4828
2412826,-949579.4,-66.45927,111.4824
2412844,-949561.4,-66.45918,111.4818
2412861,-949544.8,-66.45909,111.4814
2412878,-949527.4,-66.459,111.4809
2412897,-949510.7,-66.45891,111.4804
2412914,-949493,-66.45882,111.4799
2412933,-949476.6,-66.45872,111.4794
2412951,-949459.2,-66.45863,111.4789
2412969,-949442,-66.45854,111.4784
2412986,-949424.9,-66.45845,111.4779
2413004,-949407.7,-66.45836,111.4774
2413022,-949390.9,-66.45827,111.4769
2413040,-949373.3,-66.45818,111.4764
2413059,-949356.5,-66.45808,111.4759
2413076,-949339.5,-66.45798,111.4754
2413094,-949322.4,-66.45789,111.4749
2413112,-949304.9,-66.4578,111.4744
2413130,-949288.1,-66.45771,111.4739
2413149,-949271.1,-66.45761,111.4734
2413166,-949254.3,-66.45752,111.4729
2413185,-949236.7,-66.45743,111.4724
2413203,-949220.2,-66.45733,111.4719
2413221,-949203.1,-66.45724,111.4714
2413239,-949186.4,-66.45715,111.4709
2413257,-949168.8,-66.45705,111.4704
2413276,-949152.1,-66.45695,111.4699
2413293,-949135.1,-66.45686,111.4694
2413312,-949118.9,-66.45676,111.469
2413330,-949100.8,-66.45667,111.4684
2413348,-949084.1,-66.45657,111.4679
2413367,-949067.7,-66.45648,111.4675
2413385,-949050.4,-66.45638,111.467
2413403,-949033,-66.45629,111.4665
2413421,-949016.6,-66.45619,111.466
2413439,-948999.8,-66.4561,111.4655
2413458,-948982.8,-66.456,111.465
2413476,-948965.6,-66.45591,111.4645
2413495,-948949.1,-66.45581,111.464
2413512,-948932.3,-66.45572,111.4635
2413530,-948914.9,-66.45562,111.463
2413549,-948897.9,-66.45553,111.4625
2413568,-948881.5,-66.45543,111.462
2413585,-948864.3,-66.45534,111.4615
2413605,-948847.4,-66.45524,111.461
2413622,-948830.6,-66.45515,111.4605
2413640,-948813.8,-66.45505,111.46
2413658,-948796.9,-66.45496,111.4595
2413677,-948780,-66.45486,111.459
2413696,-948763.2,-66.45476,111.4585
2413713,-948746.5,-66.45467,111.4581
2413732,-948730,-66.45457,111.4576
2413750,-948712.7,-66.45447,111.4571
2413768,-948695.6,-66.45438,111.4566
2413787,-948679.4,-66.45428,111.4561
2413806,-948662.4,-66.45418,111.4556
2413824,-948645.7,-66.45409,111.4551
2413842,-948628.9,-66.45399,111.4546
2413860,-948612.7,-66.45389,111.4541
2413879,-948595.4,-66.45379,111.4536
2413897,-948578.9,-66.4537,111.4531
2413915,-948562.1,-66.4536,111.4526
2413933,-948545.2,-66.45351,111.4521
2413953,-948528.4,-66.45341,111.4516
2413971,-948511.9,-66.45331,111.4511
2413990,-948495.1,-66.45321,111.4507
2414007,-948478.4,-66.45312,111.4502
2414026,-948461.3,-66.45302,111.4497
2414044,-948444.9,-66.45292,111.4492
2414063,-948428.6,-66.45282,111.4487
2414080,-948411.5,-66.45273,111.4482
2414099,-948394.6,-66.45263,111.4477
2414118,-948377.8,-66.45253,111.4472
2414137,-948361.6,-66.45243,111.4467
2414155,-948345.1,-66.45233,111.4462
2414174,-948328,-66.45223,111.4457
2414192,-948311.6,-66.45213,111.4452
2414210,-948295.1,-66.45203,111.4448
2414230,-948277.9,-66.45193,111.4443
2414248,-948261.6,-66.45184,111.4438
2414266,-948245.4,-66.45174,111.4433
2414285,-948229.2,-66.45164,111.4428
2414304,-948211.9,-66.45154,111.4423
2414322,-948195.6,-66.45144,111.4418
2414340,-948179.1,-66.45134,111.4413
2414360,-948162.7,-66.45124,111.4408
2414378,-948146.1,-66.45113,111.4403
2414397,-948129.9,-66.45103,111.4399
2414416,-948113.8,-66.45094,111.4394
2414434,-948097.2,-66.45084,111.4389
2414453,-948080.6,-66.45073,111.4384
2414472,-948064.2,-66.45063,111.4379
2414491,-948048.4,-66.45053,111.4374
2414510,-948031.9,-66.45042,111.4369
2414529,-948015.2,-66.45033,111.4364
2414548,-947999.6,-66.45022,111.436
2414566,-947983,-66.45012,111.4355
2414584,-947967.1,-66.45002,111.435
2414604,-947950.6,-66.44991,111.4345
2414623,-947934.7,-66.44981,111.434
2414642,-947918.8,-66.44971,111.4335
2414661,-947902.7,-66.4496,111.4331
2414680,-947886.2,-66.44949,111.4326
2414699,-947870.6,-66.44939,111.4321
2414718,-947854.4,-66.44929,111.4316
2414738,-947838.3,-66.44917,111.4311
2414756,-947822.6,-66.44907,111.4306
2414776,-947806.6,-66.44897,111.4302
2414794,-947790.6,-66.44886,111.4297
2414814,-947774.4,-66.44875,111.4292
2414834,-947758.6,-66.44865,111.4287
2414852,-947742.3,-66.44855,111.4282
2414870,-947726.3,-66.44844,111.4277
2414890,-947710.2,-66.44833,111.4272
2414910,-947694.3,-66.44823,111.4268
2414928,-947678.6,-66.44812,111.4263
2414948,-947662.8,-66.44801,111.4258
2414968,-947646.6,-66.44791,111.4253
2414986,-947630.6,-66.4478,111.4248
2415006,-947615,-66.44769,111.4244
2415025,-947599.6,-66.44759,111.4239
2415044,-947582.6,-66.44748,111.4234
2415064,-947566.9,-66.44737,111.4229
2415083,-947551.3,-66.44727,111.4224
2415102,-947535.7,-66.44716,111.422
2415122,-947519.4,-66.44704,111.4215
2415142,-947503.5,-66.44694,111.421
2415161,-947487.9,-66.44683,111.4205
2415180,-947471.8,-66.44672,111.42
2415200,-947455.8,-66.44662,111.4195
2415218,-947439.8,-66.44651,111.419
2415238,-947424.5,-66.4464,111.4186
2415257,-947407.9,-66.44629,111.4181
2415277,-947392.1,-66.44618,111.4176
2415296,-947376.3,-66.44608,111.4171
2415314,-947360.8,-66.44597,111.4166
2415334,-947344.2,-66.44586,111.4161
2415354,-947328.9,-66.44576,111.4157
2415372,-947312.4,-66.44565,111.4152
2415393,-947297.4,-66.44553,111.4147
2415412,-947280.9,-66.44543,111.4142
2415432,-947265.2,-66.44532,111.4137
2415451,-947249.1,-66.44521,111.4133
2415470,-947233.7,-66.44511,111.4128
2415490,-947217.2,-66.44499,111.4123
2415509,-947201.3,-66.44489,111.4118
2415528,-947185.6,-66.44478,111.4113
2415547,-947170,-66.44467,111.4108
2415567,-947153.1,-66.44456,111.4103
2415586,-947137.6,-66.44446,111.4099
2415607,-947121.9,-66.44434,111.4094
2415626,-947105,-66.44424,111.4089
2415645,-947089.8,-66.44413,111.4084
2415665,-947073.8,-66.44402,111.4079
2415684,-947058.2,-66.44391,111.4074
2415704,-947041.6,-66.4438,111.4069
2415722,-947025.4,-66.4437,111.4065
2415742,-947010.1,-66.44359,111.406
2415762,-946994.7,-66.44347,111.4055
2415782,-946977.9,-66.44337,111.405
2415800,-946961.6,-66.44326,111.4045
2415820,-946946.1,-66.44315,111.404
2415839,-946929.8,-66.44305,111.4036
2415860,-946913.6,-66.44293,111.4031
2415878,-946898.1,-66.44283,111.4026
2415898,-946881.5,-66.44272,111.4021
2415918,-946866.6,-66.4426,111.4016
2415938,-946849.9,-66.4425,111.4011
2415956,-946833.7,-66.44239,111.4006
2415976,-946818.3,-66.44228,111.4002
2415996,-946802.1,-66.44217,111.3997
2416016,-946786.4,-66.44205,111.3992
2416035,-946770.5,-66.44195,111.3987
2416054,-946754.6,-66.44184,111.3982
2416075,-946738.4,-66.44173,111.3977
2416094,-946722.9,-66.44162,111.3972
2416114,-946706.5,-66.44151,111.3968
2416134,-946690.9,-66.4414,111.3963
2416152,-946674.2,-66.44129,111.3958
2416173,-946658.9,-66.44118,111.3953
2416192,-946643,-66.44107,111.3948
2416212,-946627.4,-66.44096,111.3943
2416231,-946611.1,-66.44085,111.3938
2416252,-946595.4,-66.44073,111.3934
2416271,-946579.8,-66.44063,111.3929
2416290,-946563.6,-66.44052,111.3924
2416310,-946547.9,-66.44041,111.3919
2416330,-946532.4,-66.44029,111.3914
2416349,-946516.2,-66.44019,111.3909
2416369,-946500.8,-66.44007,111.3905
2416390,-946484.4,-66.43996,111.39
2416408,-946469.1,-66.43985,111.3895
2416428,-946453.4,-66.43974,111.389
2416448,-946438.1,-66.43962,111.3885
2416469,-946422.1,-66.43951,111.388
2416488,-946406.5,-66.43939,111.3876
2416508,-946391.1,-66.43928,111.3871
2416529,-946375.4,-66.43916,111.3866
2416549,-946359.8,-66.43905,111.3861
2416568,-946344.1,-66.43893,111.3856
2416588,-946329,-66.43882,111.3852
2416609,-946312.9,-66.43871,111.3847
2416629,-946298,-66.43859,111.3842
2416649,-946282.7,-66.43848,111.3837
2416668,-946267.2,-66.43836,111.3833
2416689,-946251.6,-66.43824,111.3828
2416710,-946236.6,-66.43813,111.3823
2416729,-946221.4,-66.43801,111.3818
2416749,-946206.1,-66.4379,111.3813
2416770,-946190.7,-66.43777,111.3809
2416790,-946175.3,-66.43766,111.3804
2416810,-946160.1,-66.43754,111.3799
2416830,-946145.2,-66.43742,111.3794
2416852,-946130,-66.4373,111.379
2416870,-946114.9,-66.43719,111.3785
2416891,-946100,-66.43707,111.378
2416912,-946085.4,-66.43695,111.3776
2416932,-946069.7,-66.43683,111.3771
2416952,-946054.6,-66.43671,111.3766
2416973,-946040.3,-66.43658,111.3761
2416993,-946025.6,-66.43647,111.3757
2417014,-946009.8,-66.43635,111.3752
2417034,-945995.1,-66.43623,111.3747
2417055,-945981,-66.4361,111.3743
2417075,-945965.1,-66.43598,111.3738
2417097,-945950.9,-66.43586,111.3733
2417116,-945935.8,-66.43575,111.3728
2417137,-945921.4,-66.43562,111.3724
2417158,-945906.4,-66.43549,111.3719
2417178,-945891.8,-66.43538,111.3714
2417199,-945876.9,-66.43526,111.371
2417220,-945862.4,-66.43513,111.3705
2417240,-945847.3,-66.43501,111.37
2417260,-945832.5,-66.43489,111.3696
2417281,-945818.2,-66.43477,111.3691
2417301,-945803.7,-66.43465,111.3686
2417322,-945788.4,-66.43452,111.3681
2417343,-945773.8,-66.4344,111.3677
2417364,-945759,-66.43428,111.3672
2417383,-945744,-66.43417,111.3668
2417405,-945729.6,-66.43404,111.3663
2417424,-945714.2,-66.43392,111.3658
2417445,-945699.8,-66.4338,111.3653
2417466,-945685.2,-66.43368,111.3649
2417486,-945670.1,-66.43356,111.3644
2417507,-945655.5,-66.43343,111.3639
2417528,-945640.8,-66.43331,111.3635
2417548,-945625,-66.43319,111.363
2417568,-945610.8,-66.43307,111.3625
2417588,-945596,-66.43295,111.3621
2417610,-945581.2,-66.43283,111.3616
2417630,-945565.5,-66.43271,111.3611
2417650,-945551.3,-66.43259,111.3606
2417670,-945536.4,-66.43247,111.3602
2417691,-945521.7,-66.43236,111.3597
2417712,-945506.2,-66.43223,111.3592
2417732,-945491.4,-66.43211,111.3588
2417752,-945476.6,-66.43199,111.3583
2417771,-945462.1,-66.43188,111.3578
2417794,-945447,-66.43175,111.3573
2417814,-945432.2,-66.43163,111.3569
2417834,-945417.3,-66.43151,111.3564
2417854,-945402.6,-66.4314,111.3559
2417874,-945387.4,-66.43127,111.3555
2417895,-945372.9,-66.43115,111.355
2417914,-945357.2,-66.43104,111.3545
2417935,-945342.7,-66.43092,111.3541
2417956,-945327.9,-66.43079,111.3536
2417976,-945312.8,-66.43068,111.3531
2417996,-945298.3,-66.43056,111.3527
2418017,-945283.1,-66.43044,111.3522
2418037,-945268.4,-66.43031,111.3517
2418057,-945253.2,-66.4302,111.3512
2418078,-945238.8,-66.43008,111.3508
2418098,-945223.6,-66.42995,111.3503
2418118,-945208.5,-66.42984,111.3498
2418139,-945194.1,-66.42972,111.3494
2418159,-945179.4,-66.4296,111.3489
2418180,-945163.7,-66.42948,111.3484
2418199,-945148.6,-66.42937,111.348
2418220,-945134.1,-66.42924,111.3475
2418240,-945119.2,-66.42913,111.347
2418260,-945104.1,-66.42901,111.3465
2418281,-945088.8,-66.42889,111.3461
2418300,-945073.9,-66.42877,111.3456
2418320,-945059.1,-66.42866,111.3451
2418341,-945044,-66.42854,111.3447
2418362,-945028.6,-66.42842,111.3442
2418381,-945013.8,-66.42831,111.3437
2418401,-944998.9,-66.42818,111.3433
2418422,-944983.3,-66.42807,111.3428
2418442,-944968.4,-66.42795,111.3423
2418462,-944953.6,-66.42783,111.3418
2418482,-944938.9,-66.42772,111.3414
2418503,-944923.4,-66.4276,111.3409
2418522,-944908.3,-66.42748,111.3404
2418542,-944893.2,-66.42737,111.3399
2418563,-944877.8,-66.42725,111.3395
2418583,-944863,-66.42713,111.339
2418602,-944847.2,-66.42702,111.3385
2418623,-944833.1,-66.4269,111.3381
2418643,-944817,-66.42678,111.3376
2418664,-944802.5,-66.42666,111.3371
2418683,-944787.6,-66.42654,111.3366
2418704,-944772.4,-66.42643,111.3362
2418724,-944756.9,-66.42631,111.3357
2418744,-944742.1,-66.42619,111.3352
2418763,-944726.7,-66.42608,111.3347
2418784,-944711.9,-66.42596,111.3343
2418804,-944696.4,-66.42584,111.3338
2418824,-944681.5,-66.42573,111.3333
2418844,-944666.4,-66.42561,111.3329
2418864,-944651.4,-66.4255,111.3324
2418884,-944636,-66.42538,111.3319
2418904,-944621.1,-66.42526,111.3314
2418924,-944605.8,-66.42515,111.331
2418944,-944590.6,-66.42503,111.3305
2418965,-944575.8,-66.42491,111.33
2418984,-944560.5,-66.4248,111.3296
2419004,-944545.2,-66.42468,111.3291
2419024,-944529.6,-66.42457,111.3286
2419044,-944514.7,-66.42445,111.3281
2419064,-944499,-66.42434,111.3277
2419084,-944483.6,-66.42422,111.3272
2419105,-944468.9,-66.4241,111.3267
2419125,-944453.4,-66.42399,111.3262
2419144,-944438.3,-66.42387,111.3258
2419164,-944423.5,-66.42376,111.3253
2419184,-944407.5,-66.42365,111.3248
2419204,-944392.4,-66.42353,111.3243
2419224,-944377.3,-66.42342,111.3239
2419243,-944362.1,-66.4233,111.3234
2419264,-944346.4,-66.42319,111.3229
2419284,-944331.7,-66.42307,111.3224
2419304,-944316.2,-66.42296,111.322
2419323,-944300.6,-66.42284,111.3215
2419343,-944284.8,-66.42273,111.321
2419362,-944269.7,-66.42262,111.3205
2419382,-944254.2,-66.4225,111.3201
2419402,-944239.2,-66.42239,111.3196
2419423,-944223.6,-66.42227,111.3191
2419443,-944208.5,-66.42216,111.3186
2419462,-944193.2,-66.42205,111.3182
2419482,-944177.6,-66.42193,111.3177
2419502,-944161.8,-66.42182,111.3172
2419521,-944146.4,-66.42171,111.3167
2419541,-944131,-66.42159,111.3163
2419561,-944115.6,-66.42148,111.3158
2419581,-944100.4,-66.42136,111.3153
2419602,-944085.4,-66.42125,111.3148
2419621,-944070,-66.42113,111.3144
2419641,-944054,-66.42102,111.3139
2419660,-944038.6,-66.42091,111.3134
2419680,-944022.8,-66.4208,111.3129
2419700,-944008.1,-66.42068,111.3125
2419720,-943991.7,-66.42057,111.312
2419740,-943976.9,-66.42046,111.3115
2419758,-943960.9,-66.42035,111.311
2419780,-943946.2,-66.42023,111.3106
2419799,-943930.1,-66.42012,111.3101
2419819,-943914.8,-66.42001,111.3096
2419838,-943899,-66.4199,111.3091
2419858,-943883.2,-66.41978,111.3086
2419878,-943867.6,-66.41967,111.3082
2419897,-943852.2,-66.41956,111.3077
2419917,-943836.5,-66.41945,111.3072
2419937,-943820.2,-66.41933,111.3067
2419956,-943805.1,-66.41922,111.3062
2419976,-943789.3,-66.41911,111.3058
2419996,-943774.2,-66.419,111.3053
2420016,-943757.9,-66.41888,111.3048
2420035,-943742.8,-66.41878,111.3043
2420055,-943726.9,-66.41866,111.3038
2420074,-943711.2,-66.41856,111.3034
2420095,-943695.5,-66.41844,111.3029
2420114,-943679.9,-66.41833,111.3024
2420134,-943664.6,-66.41821,111.3019
2420153,-943648.9,-66.41811,111.3015
2420173,-943632.9,-66.41799,111.301
2420193,-943617.4,-66.41788,111.3005
2420212,-943602,-66.41777,111.3
2420232,-943586.4,-66.41766,111.2995
2420253,-943571,-66.41754,111.299
2420273,-943555.3,-66.41743,111.2986
2420292,-943539.9,-66.41731,111.2981
2420312,-943524.4,-66.41721,111.2976
2420332,-943508.7,-66.41709,111.2971
2420351,-943492.4,-66.41698,111.2967
2420371,-943477.6,-66.41686,111.2962
2420390,-943461.6,-66.41676,111.2957
2420410,-943445.7,-66.41664,111.2952
2420430,-943430.2,-66.41653,111.2947
2420450,-943414.8,-66.41641,111.2943
2420471,-943398.7,-66.4163,111.2938
2420489,-943383.4,-66.41619,111.2933
2420510,-943367.6,-66.41608,111.2928
2420530,-943352.2,-66.41596,111.2923
2420550,-943335.9,-66.41585,111.2918
2420569,-943320.6,-66.41574,111.2914
2420589,-943304.8,-66.41563,111.2909
2420607,-943289.4,-66.41552,111.2904
2420628,-943273.1,-66.41541,111.2899
2420648,-943257.9,-66.41529,111.2895
2420668,-943241.9,-66.41518,111.289
2420687,-943226.6,-66.41507,111.2885
2420707,-943210.5,-66.41496,111.288
2420727,-943195.1,-66.41484,111.2875
2420746,-943179.3,-66.41473,111.2871
2420766,-943164.2,-66.41462,111.2866
2420786,-943147.8,-66.41451,111.2861
2420806,-943132.2,-66.41439,111.2856
2420826,-943116.2,-66.41428,111.2851
2420845,-943101.1,-66.41417,111.2847
2420865,-943085.5,-66.41405,111.2842
2420884,-943069.3,-66.41395,111.2837
2420904,-943053.8,-66.41383,111.2832
2420924,-943037.6,-66.41372,111.2827
2420944,-943022.2,-66.41361,111.2822
2420964,-943006.6,-66.4135,111.2818
2420983,-942990.9,-66.41339,111.2813
2421003,-942974.6,-66.41328,111.2808
2421023,-942959.6,-66.41316,111.2803
2421042,-942943.6,-66.41306,111.2798
2421062,-942927.9,-66.41294,111.2794
2421082,-942911.7,-66.41283,111.2789
2421101,-942896.5,-66.41272,111.2784
2421121,-942880.6,-66.41261,111.2779
2421140,-942864.8,-66.4125,111.2774
2421160,-942849.1,-66.41238,111.2769
2421180,-942832.9,-66.41228,111.2765
2421200,-942817.4,-66.41216,111.276
2421218,-942801.6,-66.41206,111.2755
2421238,-942786.1,-66.41194,111.275
2421258,-942769.5,-66.41183,111.2745
2421278,-942754.5,-66.41172,111.2741
2421297,-942738.8,-66.41161,111.2736
2421317,-942722.8,-66.4115,111.2731
2421336,-942706.8,-66.41139,111.2726
2421356,-942692,-66.41128,111.2721
2421376,-942674.9,-66.41117,111.2717
2421395,-942659.6,-66.41106,111.2712
2421414,-942643.4,-66.41095,111.2707
2421433,-942627.9,-66.41084,111.2702
2421454,-942612,-66.41073,111.2697
2421473,-942595.8,-66.41062,111.2692
2421492,-942580.5,-66.41051,111.2688
2421512,-942564.8,-66.4104,111.2683
2421532,-942549,-66.41029,111.2678
2421552,-942533,-66.41018,111.2673
2421570,-942516.9,-66.41007,111.2669
2421590,-942501.9,-66.40997,111.2664
2421609,-942485.2,-66.40985,111.2659
2421629,-942469.9,-66.40974,111.2654
2421647,-942453.8,-66.40964,111.2649
2421666,-942437.9,-66.40953,111.2645
2421687,-942422.2,-66.40942,111.264
2421706,-942406.1,-66.40931,111.2635
2421725,-942390.4,-66.4092,111.263
2421744,-942374.2,-66.4091,111.2625
2421764,-942358.4,-66.40898,111.262
2421784,-942342.4,-66.40887,111.2616
2421802,-942327.2,-66.40877,111.2611
2421823,-942310.9,-66.40865,111.2606
2421842,-942294.9,-66.40855,111.2601
2421861,-942278.9,-66.40844,111.2596
2421880,-942263.8,-66.40833,111.2592
2421899,-942247.1,-66.40823,111.2587
2421918,-942231.4,-66.40812,111.2582
2421938,-942215.6,-66.408,111.2577
2421958,-942200,-66.4079,111.2572
2421977,-942183.6,-66.40779,111.2567
2421996,-942167.7,-66.40768,111.2563
2422015,-942152.2,-66.40758,111.2558
2422034,-942136.6,-66.40747,111.2553
2422055,-942120.2,-66.40736,111.2548
2422073,-942104.4,-66.40725,111.2543
2422093,-942088.8,-66.40714,111.2539
2422112,-942073,-66.40704,111.2534
2422131,-942056.8,-66.40693,111.2529
2422150,-942040.8,-66.40682,111.2524
2422170,-942025.6,-66.40672,111.252
2422188,-942009.2,-66.40661,111.2515
2422208,-941993.5,-66.40649,111.251
2422228,-941976.9,-66.40639,111.2505
2422246,-941961.5,-66.40629,111.25
2422266,-941945.5,-66.40618,111.2495
2422285,-941929.5,-66.40607,111.2491
2422304,-941913.4,-66.40596,111.2486
2422323,-941898.1,-66.40585,111.2481
2422343,-941881.4,-66.40575,111.2476
2422362,-941865.8,-66.40564,111.2471
2422381,-941850.1,-66.40553,111.2467
2422400,-941834.2,-66.40543,111.2462
2422420,-941818.2,-66.40532,111.2457
2422438,-941801.9,-66.40521,111.2452
2422458,-941786.2,-66.40511,111.2447
2422477,-941770.5,-66.405,111.2443
2422497,-941754.7,-66.40488,111.2438
2422515,-941738.1,-66.40479,111.2433
2422534,-941722.4,-66.40468,111.2428
2422553,-941707.1,-66.40457,111.2423
2422574,-941691,-66.40446,111.2419
2422593,-941675.3,-66.40435,111.2414
2422611,-941659,-66.40425,111.2409
2422630,-941643.4,-66.40414,111.2404
2422650,-941627.1,-66.40403,111.2399
2422668,-941610.8,-66.40393,111.2395
2422688,-941595.4,-66.40382,111.239
2422706,-941579.4,-66.40372,111.2385
2422726,-941562.8,-66.40361,111.238
2422746,-941547.4,-66.4035,111.2375
2422764,-941531.3,-66.4034,111.2371
2422784,-941515.3,-66.40328,111.2366
2422803,-941499.6,-66.40318,111.2361
2422822,-941483.2,-66.40308,111.2356
2422841,-941468.1,-66.40297,111.2351
2422860,-941451.2,-66.40286,111.2346
2422879,-941435.8,-66.40276,111.2342
2422899,-941419.7,-66.40265,111.2337
2422917,-941404,-66.40254,111.2332
2422937,-941387.7,-66.40244,111.2327
2422956,-941371.9,-66.40233,111.2322
2422975,-941356.1,-66.40222,111.2318
2422994,-941340.8,-66.40211,111.2313
2423014,-941323.9,-66.40201,111.2308
2423032,-941308.5,-66.4019,111.2303
2423052,-941292.8,-66.40179,111.2299
2423071,-941277.4,-66.40169,111.2294
2423090,-941260.2,-66.40158,111.2289
2423109,-941245.2,-66.40147,111.2284
2423129,-941229.2,-66.40137,111.2279
2423147,-941213.1,-66.40126,111.2275
2423167,-941197,-66.40115,111.227
2423186,-941181.1,-66.40105,111.2265
2423205,-941165.4,-66.40094,111.226
2423224,-941149.4,-66.40083,111.2255
2423243,-941133.6,-66.40073,111.2251
2423262,-941117.8,-66.40062,111.2246
2423280,-941101.5,-66.40052,111.2241
2423300,-941085.8,-66.40041,111.2236
2423320,-941069.8,-66.4003,111.2231
2423338,-941053.4,-66.4002,111.2227
2423357,-941038.2,-66.40009,111.2222
2423376,-941021.8,-66.39999,111.2217
2423395,-941006,-66.39988,111.2212
2423415,-940990.2,-66.39977,111.2207
2423433,-940974.8,-66.39967,111.2203
2423453,-940958.2,-66.39956,111.2198
2423472,-940942.8,-66.39945,111.2193
2423491,-940926.7,-66.39935,111.2188
2423510,-940910.7,-66.39925,111.2184
2423529,-940894.6,-66.39914,111.2179
2423548,-940879.1,-66.39903,111.2174
2423567,-940863.1,-66.39893,111.2169
2423586,-940847.4,-66.39882,111.2164
2423605,-940831.1,-66.39871,111.216
2423624,-940815.3,-66.39861,111.2155
2423642,-940799.4,-66.39851,111.215
2423663,-940783.6,-66.39839,111.2145
2423681,-940767.5,-66.39829,111.214
2423700,-940751.5,-66.39819,111.2136
2423719,-940736.4,-66.39808,111.2131
2423739,-940719.7,-66.39797,111.2126
2423757,-940703.9,-66.39787,111.2121
2423776,-940688.2,-66.39776,111.2117
2423794,-940671.9,-66.39766,111.2112
2423814,-940655.8,-66.39755,111.2107
2423832,-940640.1,-66.39745,111.2102
2423852,-940624.7,-66.39734,111.2097
2423871,-940609.2,-66.39723,111.2093
2423890,-940592.5,-66.39713,111.2088
2423909,-940577.1,-66.39702,111.2083
2423929,-940561.4,-66.39691,111.2078
2423947,-940546,-66.39681,111.2074
2423967,-940529.4,-66.3967,111.2069
2423986,-940513.9,-66.3966,111.2064
2424004,-940497.8,-66.39649,111.2059
2424023,-940482.2,-66.39639,111.2055
2424043,-940466.3,-66.39628,111.205
2424061,-940450.2,-66.39617,111.2045
2424081,-940435.1,-66.39606,111.204
2424099,-940418.9,-66.39597,111.2036
2424119,-940403.4,-66.39585,111.2031
2424137,-940387.2,-66.39575,111.2026
2424156,-940371.5,-66.39565,111.2021
2424176,-940355.6,-66.39554,111.2016
2424194,-940339.4,-66.39543,111.2012
2424213,-940324.3,-66.39532,111.2007
2424232,-940308.8,-66.39522,111.2002
2424251,-940292.2,-66.39511,111.1997
2424270,-940277,-66.395,111.1993
2424290,-940261.4,-66.3949,111.1988
2424308,-940245.9,-66.3948,111.1983
2424328,-940230.1,-66.39468,111.1978
2424346,-940214,-66.39458,111.1974
2424366,-940198.6,-66.39448,111.1969
2424384,-940182.6,-66.39437,111.1964
2424403,-940166.4,-66.39426,111.1959
2424422,-940151,-66.39416,111.1955
2424441,-940135.4,-66.39405,111.195
2424459,-940119.8,-66.39395,111.1945
2424480,-940103.8,-66.39384,111.194
2424498,-940088.6,-66.39374,111.1936
2424516,-940072.6,-66.39363,111.1931
2424536,-940057.3,-66.39352,111.1926
2424555,-940041.2,-66.39342,111.1922
2424574,-940025.5,-66.39331,111.1917
2424592,-940009.6,-66.39321,111.1912
2424611,-939993.9,-66.3931,111.1907
2424630,-939978.1,-66.393,111.1903
2424649,-939962.6,-66.39289,111.1898
2424668,-939946.8,-66.39278,111.1893
2424687,-939931.3,-66.39268,111.1888
2424706,-939915.5,-66.39258,111.1884
2424724,-939899.8,-66.39247,111.1879
2424744,-939884.1,-66.39236,111.1874
2424763,-939868.3,-66.39226,111.187
2424782,-939852.8,-66.39215,111.1865
2424800,-939836.4,-66.39205,111.186
2424819,-939821.4,-66.39194,111.1855
2424838,-939805.5,-66.39184,111.1851
2424857,-939789.9,-66.39173,111.1846
2424876,-939774.1,-66.39163,111.1841
2424894,-939758.6,-66.39153,111.1837
2424913,-939742.5,-66.39142,111.1832
2424932,-939727.3,-66.39131,111.1827
2424950,-939711.6,-66.39121,111.1822
2424969,-939696.1,-66.39111,111.1818
2424989,-939680.1,-66.391,111.1813
2425007,-939664.6,-66.39089,111.1808
2425026,-939649.2,-66.39079,111.1804
2425044,-939633.1,-66.39069,111.1799
2425064,-939617.3,-66.39058,111.1794
2425082,-939601.9,-66.39048,111.1789
2425100,-939586.4,-66.39037,111.1785
2425120,-939570.7,-66.39027,111.178
2425139,-939554.8,-66.39016,111.1775
2425157,-939539.1,-66.39006,111.1771
2425176,-939524,-66.38995,111.1766
2425195,-939507.9,-66.38985,111.1761
2425212,-939492.1,-66.38975,111.1756
2425232,-939476.9,-66.38964,111.1752
2425250,-939460.9,-66.38954,111.1747
2425270,-939445.2,-66.38943,111.1742
2425288,-939429.8,-66.38933,111.1738
2425306,-939414.2,-66.38923,111.1733
2425325,-939398.5,-66.38912,111.1728
2425344,-939382.9,-66.38902,111.1723
2425363,-939367.1,-66.38892,111.1719
2425382,-939351.7,-66.38881,111.1714
2425400,-939336.2,-66.38871,111.171
2425418,-939320.2,-66.3886,111.1705
2425437,-939304.8,-66.3885,111.17
2425455,-939289.3,-66.3884,111.1695
2425475,-939273.5,-66.38829,111.1691
2425493,-939257.9,-66.38819,111.1686
2425511,-939242,-66.38809,111.1681
2425530,-939226.8,-66.38799,111.1677
2425549,-939210.8,-66.38788,111.1672
2425567,-939195.2,-66.38778,111.1667
2425585,-939179.4,-66.38768,111.1663
2425604,-939164.2,-66.38757,111.1658
2425622,-939148.2,-66.38747,111.1653
2425641,-939132.8,-66.38737,111.1649
2425660,-939117.6,-66.38727,111.1644
2425677,-939101.8,-66.38717,111.1639
2425696,-939085.8,-66.38706,111.1634
2425715,-939070,-66.38696,111.163
2425733,-939054.2,-66.38686,111.1625
2425751,-939038.8,-66.38676,111.162
2425770,-939022.7,-66.38666,111.1616
2425788,-939007.3,-66.38656,111.1611
2425806,-938991.2,-66.38646,111.1606
2425825,-938975.8,-66.38636,111.1602
2425843,-938959.9,-66.38625,111.1597
2425862,-938944.2,-66.38615,111.1592
2425880,-938928.6,-66.38605,111.1588
2425898,-938912.9,-66.38596,111.1583
2425916,-938896.8,-66.38586,111.1578
2425934,-938881.2,-66.38576,111.1573
2425952,-938865.3,-66.38566,111.1569
2425971,-938848.8,-66.38556,111.1564
2425988,-938832.9,-66.38546,111.1559
2426007,-938817.5,-66.38536,111.1555
2426026,-938802.4,-66.38526,111.155
2426044,-938785.1,-66.38516,111.1545
2426062,-938769.6,-66.38506,111.1541
2426080,-938753.8,-66.38496,111.1536
2426098,-938738.6,-66.38486,111.1531
2426116,-938722.1,-66.38477,111.1526
2426134,-938706.5,-66.38467,111.1522
2426152,-938690.5,-66.38457,111.1517
2426170,-938674.8,-66.38448,111.1512
2426188,-938658.4,-66.38437,111.1508
2426206,-938642.6,-66.38428,111.1503
2426224,-938626.9,-66.38418,111.1498
2426243,-938611.1,-66.38408,111.1494
2426260,-938595.1,-66.38398,111.1489
2426279,-938579.3,-66.38388,111.1484
2426296,-938563.5,-66.38378,111.1479
2426314,-938547.8,-66.38369,111.1475
2426334,-938531.9,-66.38358,111.147
2426350,-938515.7,-66.38349,111.1465
2426369,-938499.6,-66.38339,111.1461
2426387,-938483.5,-66.38329,111.1456
2426405,-938467.8,-66.38319,111.1451
2426424,-938452.3,-66.38309,111.1447
2426440,-938436.1,-66.383,111.1442
2426458,-938419.7,-66.3829,111.1437
2426477,-938403.8,-66.3828,111.1432
2426496,-938388.8,-66.38271,111.1428
2426514,-938373.2,-66.38261,111.1423
2426532,-938356.5,-66.38251,111.1418
2426549,-938340.4,-66.38242,111.1414
2426566,-938324.7,-66.38232,111.1409
2426585,-938308.9,-66.38222,111.1404
2426604,-938293.1,-66.38212,111.14
2426622,-938277.1,-66.38202,111.1395
2426640,-938261.3,-66.38192,111.139
2426657,-938245,-66.38183,111.1385
2426676,-938229.1,-66.38173,111.1381
2426694,-938213.2,-66.38163,111.1376
2426712,-938197.6,-66.38153,111.1371
2426730,-938182.5,-66.38143,111.1367
2426748,-938166.4,-66.38133,111.1362
2426766,-938150.3,-66.38123,111.1357
2426784,-938134.8,-66.38113,111.1353
2426802,-938118.2,-66.38103,111.1348
2426820,-938102.7,-66.38094,111.1343
2426838,-938086.7,-66.38084,111.1339
2426856,-938071.8,-66.38074,111.1334
2426876,-938055.9,-66.38063,111.1329
2426893,-938039.9,-66.38054,111.1325
2426912,-938024.1,-66.38044,111.132
2426930,-938008.4,-66.38034,111.1315
2426948,-937992.5,-66.38023,111.131
2426966,-937976.6,-66.38014,111.1306
2426983,-937960.9,-66.38004,111.1301
2427002,-937945.2,-66.37994,111.1296
2427020,-937928.3,-66.37984,111.1292
2427038,-937912.8,-66.37975,111.1287
2427057,-937897.7,-66.37965,111.1282
2427075,-937882.2,-66.37955,111.1278
2427093,-937865.4,-66.37945,111.1273
2427111,-937849.2,-66.37935,111.1268
2427128,-937833.4,-66.37926,111.1264
2427146,-937817.9,-66.37916,111.1259
2427165,-937801.6,-66.37906,111.1254
2427184,-937785.4,-66.37896,111.1249
2427202,-937770.4,-66.37886,111.1245
2427219,-937753.3,-66.37876,111.124
2427238,-937737.8,-66.37866,111.1235
2427255,-937721.1,-66.37857,111.123
2427273,-937706.2,-66.37847,111.1226
2427291,-937689.8,-66.37837,111.1221
2427310,-937673.6,-66.37827,111.1216
2427327,-937657.9,-66.37818,111.1212
2427345,-937641.8,-66.37808,111.1207
2427364,-937625.4,-66.37798,111.1202
2427382,-937609.6,-66.37788,111.1197
2427399,-937593.6,-66.37779,111.1193
2427417,-937577.2,-66.37769,111.1188
2427435,-937561.1,-66.37759,111.1183
2427454,-937545.7,-66.37749,111.1179
2427471,-937528.9,-66.3774,111.1174
2427489,-937513.2,-66.3773,111.1169
2427507,-937496.8,-66.3772,111.1164
2427526,-937481.2,-66.37711,111.116
2427543,-937464.7,-66.37701,111.1155
2427561,-937448.9,-66.37691,111.115
2427580,-937432.9,-66.37682,111.1145
2427597,-937416.5,-66.37672,111.1141
2427615,-937400.7,-66.37663,111.1136
2427634,-937384.6,-66.37653,111.1131
2427652,-937368.6,-66.37643,111.1126
2427669,-937352.1,-66.37633,111.1122
2427687,-937336.5,-66.37624,111.1117
2427706,-937320.3,-66.37614,111.1112
2427724,-937303.9,-66.37604,111.1108
2427742,-937288.4,-66.37594,111.1103
2427760,-937272.8,-66.37584,111.1098
2427778,-937256.1,-66.37574,111.1093
2427796,-937239.7,-66.37565,111.1089
2427814,-937224.5,-66.37555,111.1084
2427832,-937208.7,-66.37545,111.1079
2427850,-937191.4,-66.37535,111.1074
2427869,-937176.1,-66.37525,111.107
2427886,-937160.5,-66.37516,111.1065
2427904,-937144.4,-66.37506,111.106
2427922,-937127.7,-66.37496,111.1056
2427940,-937111.9,-66.37486,111.1051
2427958,-937096.2,-66.37476,111.1046
2427976,-937080.4,-66.37467,111.1042
2427994,-937063.9,-66.37457,111.1037
2428012,-937048,-66.37447,111.1032
2428031,-937032.4,-66.37437,111.1027
2428048,-937016.3,-66.37428,111.1023
2428066,-936999.9,-66.37418,111.1018
2428084,-936983.9,-66.37408,111.1013
2428102,-936968.4,-66.37399,111.1009
2428121,-936951.8,-66.37389,111.1004
2428139,-936936.1,-66.37379,111.0999
2428156,-936919.9,-66.3737,111.0994
2428174,-936904.3,-66.3736,111.099
2428193,-936887.8,-66.3735,111.0985
2428210,-936871.6,-66.37341,111.098
2428228,-936855.5,-66.37331,111.0975
2428245,-936839.5,-66.37321,111.0971
2428264,-936823.5,-66.37312,111.0966
2428282,-936807.4,-66.37302,111.0961
2428300,-936791.1,-66.37292,111.0956
2428317,-936775.2,-66.37283,111.0952
2428336,-936758.6,-66.37273,111.0947
2428353,-936742.5,-66.37263,111.0942
2428372,-936726.4,-66.37254,111.0938
2428389,-936710.4,-66.37244,111.0933
2428407,-936693.7,-66.37234,111.0928
2428425,-936677.3,-66.37225,111.0923
2428443,-936661.8,-66.37215,111.0919
2428460,-936645.6,-66.37206,111.0914
2428478,-936629.2,-66.37196,111.0909
2428496,-936612.7,-66.37187,111.0904
2428514,-936596.2,-66.37178,111.09
2428532,-936580.2,-66.37168,111.0895
2428549,-936563.6,-66.37159,111.089
2428567,-936547.2,-66.3715,111.0885
2428584,-936530.8,-66.37141,111.0881
2428603,-936514.4,-66.37131,111.0876
2428620,-936497.8,-66.37122,111.0871
2428638,-936481.5,-66.37112,111.0866
2428655,-936464.8,-66.37103,111.0861
2428673,-936447.8,-66.37093,111.0856
2428691,-936432,-66.37084,111.0852
2428708,-936415.1,-66.37075,111.0847
2428726,-936399.1,-66.37066,111.0842
2428743,-936381.8,-66.37057,111.0837
2428760,-936365.1,-66.37048,111.0833
2428778,-936348.8,-66.37038,111.0828
2428796,-936332.4,-66.37029,111.0823
2428814,-936315.1,-66.3702,111.0818
2428831,-936298.6,-66.37011,111.0813
2428848,-936282.2,-66.37002,111.0809
2428866,-936265.7,-66.36993,111.0804
2428884,-936248.7,-66.36983,111.0799
2428901,-936232.1,-66.36974,111.0794
2428918,-936215.2,-66.36966,111.0789
2428937,-936198.1,-66.36956,111.0784
2428954,-936181.8,-66.36947,111.078
2428970,-936164.7,-66.36938,111.0775
2428988,-936148.3,-66.36929,111.077
2429006,-936131.6,-66.36919,111.0765
2429023,-936114.5,-66.36911,111.076
2429041,-936098.1,-66.36902,111.0756
2429058,-936081.7,-66.36893,111.0751
2429077,-936064.9,-66.36883,111.0746
2429094,-936047.8,-66.36874,111.0741
2429111,-936031.8,-66.36865,111.0736
2429128,-936014.8,-66.36856,111.0731
2429146,-935997.8,-66.36846,111.0727
2429163,-935980.6,-66.36838,111.0722
2429181,-935964.6,-66.36829,111.0717
2429198,-935947.8,-66.36819,111.0712
2429217,-935930.8,-66.3681,111.0707
2429233,-935914.6,-66.36801,111.0703
2429250,-935897.6,-66.36792,111.0698
2429268,-935881.2,-66.36783,111.0693
2429288,-935864.6,-66.36773,111.0688
2429305,-935847.9,-66.36764,111.0683
2429321,-935830.9,-66.36755,111.0678
2429339,-935814.9,-66.36746,111.0674
2429357,-935797.5,-66.36736,111.0669
2429375,-935781.5,-66.36727,111.0664
2429392,-935764.9,-66.36718,111.0659
2429410,-935747.6,-66.36709,111.0654
2429427,-935731.1,-66.367,111.065
2429444,-935714.9,-66.36691,111.0645
2429462,-935697.9,-66.36682,111.064
2429480,-935681.2,-66.36672,111.0635
2429497,-935664.6,-66.36663,111.063
2429514,-935647.9,-66.36655,111.0626
2429531,-935631.6,-66.36646,111.0621
2429548,-935614.6,-66.36636,111.0616
2429567,-935598.2,-66.36627,111.0611
2429584,-935582.1,-66.36618,111.0606
2429601,-935565.2,-66.36609,111.0602
2429619,-935548.6,-66.366,111.0597
2429636,-935531.8,-66.36591,111.0592
2429654,-935515.5,-66.36581,111.0587
2429671,-935499.1,-66.36572,111.0583
2429689,-935482.4,-66.36563,111.0578
2429706,-935465.5,-66.36555,111.0573
2429723,-935448.9,-66.36546,111.0568
2429740,-935433,-66.36536,111.0564
2429758,-935415.5,-66.36527,111.0559
2429775,-935399.4,-66.36518,111.0554
2429792,-935382.8,-66.3651,111.0549
2429810,-935366,-66.365,111.0544
2429826,-935349.5,-66.36491,111.054
2429844,-935333,-66.36482,111.0535
2429861,-935316.8,-66.36473,111.053
2429880,-935300.2,-66.36464,111.0525
2429896,-935283.3,-66.36456,111.0521
2429914,-935267.4,-66.36446,111.0516
2429931,-935250.9,-66.36437,111.0511
2429948,-935234.1,-66.36428,111.0506
2429965,-935217.2,-66.3642,111.0501
2429982,-935201.2,-66.36411,111.0497
2429998,-935184.1,-66.36402,111.0492
2430016,-935167.5,-66.36393,111.0487
2430034,-935150.8,-66.36384,111.0482
2430050,-935134.4,-66.36375,111.0478
2430068,-935118.1,-66.36366,111.0473
2430085,-935101.6,-66.36357,111.0468
2430101,-935084.7,-66.36349,111.0463
2430120,-935068.4,-66.3634,111.0459
2430136,-935052,-66.36331,111.0454
2430154,-935035,-66.36322,111.0449
2430170,-935018.3,-66.36314,111.0444
2430186,-935001.8,-66.36305,111.044
2430204,-934984.5,-66.36296,111.0435
2430221,-934968.4,-66.36288,111.043
2430239,-934952.4,-66.36279,111.0425
2430255,-934935.4,-66.3627,111.0421
2430272,-934918.4,-66.36261,111.0416
2430289,-934901.4,-66.36253,111.0411
2430305,-934885.1,-66.36244,111.0406
2430322,-934868.4,-66.36236,111.0402
2430340,-934851.5,-66.36227,111.0397
2430357,-934834.8,-66.36218,111.0392
2430374,-934817.7,-66.36209,111.0387
2430390,-934801.6,-66.36201,111.0383
2430407,-934784.1,-66.36192,111.0378
2430425,-934767.8,-66.36183,111.0373
2430441,-934750.8,-66.36175,111.0368
2430458,-934734.4,-66.36166,111.0363
2430476,-934717.5,-66.36157,111.0359
2430492,-934700.6,-66.36149,111.0354
2430509,-934684.4,-66.3614,111.0349
2430526,-934667.3,-66.36132,111.0344
2430543,-934650,-66.36123,111.0339
2430559,-934633.2,-66.36115,111.0335
2430577,-934617,-66.36106,111.033
2430594,-934599.8,-66.36097,111.0325
2430611,-934582.9,-66.36089,111.032
2430627,-934566.3,-66.3608,111.0315
2430644,-934549.6,-66.36072,111.0311
