2378243,-1005472,-66.5556,112.9176
2378264,-1005482,-66.5554,112.9177
2378286,-1005492,-66.55518,112.9177
2378307,-1005502,-66.55498,112.9177
2378328,-1005512,-66.55477,112.9177
2378350,-1005521,-66.55457,112.9177
2378370,-1005531,-66.55436,112.9177
2378392,-1005540,-66.55415,112.9177
2378414,-1005550,-66.55394,112.9178
2378435,-1005560,-66.55373,112.9178
2378456,-1005570,-66.55353,112.9178
2378478,-1005579,-66.55332,112.9178
2378499,-1005589,-66.55312,112.9178
2378521,-1005599,-66.5529,112.9178
2378542,-1005607,-66.5527,112.9178
2378564,-1005618,-66.55249,112.9178
2378585,-1005627,-66.55228,112.9178
2378606,-1005636,-66.55208,112.9178
2378629,-1005646,-66.55186,112.9179
2378650,-1005655,-66.55166,112.9179
2378672,-1005665,-66.55145,112.9179
2378693,-1005674,-66.55124,112.9179
2378714,-1005684,-66.55103,112.9179
2378736,-1005693,-66.55083,112.9179
2378758,-1005702,-66.55062,112.9179
2378780,-1005712,-66.55041,112.9179
2378802,-1005721,-66.5502,112.9179
2378822,-1005730,-66.55,112.9179
2378844,-1005739,-66.54978,112.9179
2378867,-1005749,-66.54958,112.9179
2378888,-1005758,-66.54937,112.9179
2378910,-1005768,-66.54916,112.9179
2378931,-1005777,-66.54895,112.9179
2378954,-1005786,-66.54874,112.9179
2378975,-1005795,-66.54853,112.9179
2378996,-1005804,-66.54832,112.9179
2379018,-1005814,-66.54811,112.9179
2379040,-1005823,-66.5479,112.9179
2379062,-1005832,-66.5477,112.9179
2379083,-1005841,-66.54749,112.9179
2379105,-1005850,-66.54728,112.9179
2379127,-1005859,-66.54707,112.9179
2379148,-1005868,-66.54687,112.9179
2379171,-1005877,-66.54665,112.9179
2379193,-1005886,-66.54645,112.9179
2379214,-1005895,-66.54624,112.9179
2379236,-1005905,-66.54603,112.9179
2379257,-1005913,-66.54582,112.9179
2379280,-1005923,-66.54561,112.9179
2379302,-1005931,-66.5454,112.9179
2379323,-1005940,-66.5452,112.9179
2379346,-1005949,-66.54498,112.9179
2379367,-1005958,-66.54478,112.9179
2379388,-1005967,-66.54457,112.9179
2379410,-1005976,-66.54436,112.9179
2379432,-1005986,-66.54415,112.9179
2379455,-1005995,-66.54394,112.9178
2379476,-1006004,-66.54373,112.9178
2379498,-1006012,-66.54353,112.9178
2379520,-1006022,-66.54331,112.9178
2379542,-1006031,-66.54311,112.9178
2379564,-1006040,-66.54289,112.9178
2379585,-1006049,-66.54269,112.9178
2379608,-1006058,-66.54248,112.9178
2379630,-1006067,-66.54227,112.9178
2379651,-1006076,-66.54206,112.9178
2379673,-1006085,-66.54185,112.9178
2379695,-1006094,-66.54164,112.9178
2379716,-1006102,-66.54144,112.9178
2379739,-1006112,-66.54122,112.9178
2379761,-1006121,-66.54102,112.9178
2379782,-1006130,-66.54081,112.9178
2379804,-1006139,-66.5406,112.9178
2379825,-1006148,-66.54039,112.9178
2379847,-1006157,-66.54018,112.9178
2379869,-1006166,-66.53998,112.9178
2379890,-1006175,-66.53977,112.9178
2379912,-1006184,-66.53956,112.9178
2379934,-1006194,-66.53935,112.9178
2379956,-1006203,-66.53914,112.9178
2379978,-1006212,-66.53893,112.9178
2380000,-1006221,-66.53873,112.9178
2380022,-1006230,-66.53851,112.9178
2380043,-1006239,-66.53831,112.9178
2380064,-1006248,-66.5381,112.9178
2380086,-1006257,-66.5379,112.9178
2380108,-1006267,-66.53769,112.9178
2380130,-1006276,-66.53748,112.9178
2380151,-1006286,-66.53727,112.9178
2380172,-1006295,-66.53706,112.9178
2380194,-1006304,-66.53686,112.9178
2380215,-1006314,-66.53665,112.9178
2380237,-1006323,-66.53644,112.9178
2380258,-1006333,-66.53623,112.9178
2380280,-1006343,-66.53603,112.9178
2380301,-1006353,-66.53582,112.9179
2380322,-1006362,-66.53561,112.9179
2380344,-1006373,-66.5354,112.9179
2380365,-1006382,-66.53519,112.9179
2380385,-1006392,-66.535,112.9179
2380408,-1006403,-66.53478,112.918
2380428,-1006413,-66.53458,112.918
2380448,-1006423,-66.53437,112.918
2380470,-1006434,-66.53416,112.9181
2380490,-1006444,-66.53396,112.9181
2380511,-1006455,-66.53375,112.9181
2380532,-1006466,-66.53355,112.9182
2380552,-1006477,-66.53334,112.9182
2380572,-1006487,-66.53314,112.9183
2380594,-1006498,-66.53294,112.9183
2380614,-1006510,-66.53273,112.9184
2380634,-1006521,-66.53252,112.9184
2380655,-1006532,-66.53232,112.9185
2380675,-1006543,-66.53212,112.9185
2380695,-1006554,-66.53191,112.9186
2380716,-1006566,-66.53171,112.9186
2380735,-1006577,-66.53151,112.9187
2380756,-1006589,-66.5313,112.9187
2380776,-1006600,-66.5311,112.9188
2380796,-1006612,-66.5309,112.9189
2380816,-1006623,-66.53069,112.9189
2380836,-1006635,-66.53049,112.919
2380856,-1006646,-66.53029,112.9191
2380876,-1006658,-66.53008,112.9191
2380896,-1006670,-66.52988,112.9192
2380916,-1006681,-66.52968,112.9193
2380937,-1006693,-66.52947,112.9193
2380956,-1006705,-66.52927,112.9194
2380976,-1006717,-66.52907,112.9195
2380996,-1006728,-66.52887,112.9195
2381016,-1006740,-66.52866,112.9196
2381037,-1006752,-66.52846,112.9196
2381056,-1006763,-66.52826,112.9197
2381077,-1006775,-66.52805,112.9198
2381096,-1006787,-66.52785,112.9198
2381116,-1006798,-66.52766,112.9199
2381136,-1006810,-66.52745,112.92
2381156,-1006821,-66.52724,112.92
2381176,-1006833,-66.52704,112.9201
2381196,-1006845,-66.52684,112.9202
2381216,-1006857,-66.52664,112.9202
2381235,-1006868,-66.52644,112.9203
2381255,-1006880,-66.52624,112.9204
2381275,-1006892,-66.52603,112.9205
2381295,-1006904,-66.52583,112.9205
2381314,-1006915,-66.52563,112.9206
2381334,-1006927,-66.52543,112.9207
2381354,-1006940,-66.52522,112.9207
2381374,-1006951,-66.52502,112.9208
2381394,-1006963,-66.52482,112.9209
2381414,-1006975,-66.52462,112.921
2381434,-1006987,-66.52441,112.921
2381453,-1006998,-66.52422,112.9211
2381474,-1007011,-66.52401,112.9212
2381492,-1007022,-66.52381,112.9212
2381512,-1007034,-66.52361,112.9213
2381532,-1007046,-66.52341,112.9214
2381553,-1007058,-66.5232,112.9215
2381572,-1007070,-66.523,112.9215
2381593,-1007082,-66.52279,112.9216
2381613,-1007094,-66.52259,112.9217
2381634,-1007106,-66.52238,112.9217
2381653,-1007118,-66.52218,112.9218
2381674,-1007130,-66.52197,112.9219
2381693,-1007142,-66.52177,112.922
2381712,-1007154,-66.52157,112.922
2381733,-1007166,-66.52135,112.9221
2381753,-1007178,-66.52116,112.9222
2381773,-1007190,-66.52095,112.9222
2381794,-1007203,-66.52074,112.9223
2381813,-1007215,-66.52055,112.9224
2381834,-1007227,-66.52033,112.9225
2381853,-1007239,-66.52013,112.9225
2381873,-1007251,-66.51993,112.9226
2381894,-1007263,-66.51972,112.9227
2381914,-1007275,-66.51952,112.9228
2381934,-1007287,-66.51931,112.9228
2381954,-1007299,-66.5191,112.9229
2381974,-1007311,-66.5189,112.923
2381994,-1007323,-66.51869,112.923
2382014,-1007335,-66.51849,112.9231
2382035,-1007347,-66.51828,112.9232
2382056,-1007359,-66.51807,112.9233
2382076,-1007372,-66.51787,112.9233
2382096,-1007384,-66.51766,112.9234
2382116,-1007396,-66.51746,112.9235
2382136,-1007408,-66.51725,112.9236
2382156,-1007420,-66.51704,112.9236
2382177,-1007432,-66.51684,112.9237
2382196,-1007444,-66.51663,112.9238
2382217,-1007456,-66.51643,112.9238
2382237,-1007468,-66.51622,112.9239
2382257,-1007480,-66.51601,112.924
2382277,-1007492,-66.51581,112.9241
2382299,-1007505,-66.51559,112.9241
2382318,-1007516,-66.5154,112.9242
2382338,-1007528,-66.51519,112.9243
2382359,-1007541,-66.51498,112.9243
2382379,-1007553,-66.51477,112.9244
2382399,-1007565,-66.51457,112.9245
2382420,-1007577,-66.51436,112.9246
2382440,-1007589,-66.51415,112.9246
2382460,-1007601,-66.51395,112.9247
2382480,-1007613,-66.51374,112.9248
2382500,-1007625,-66.51353,112.9248
2382521,-1007637,-66.51333,112.9249
2382542,-1007650,-66.51312,112.925
2382562,-1007662,-66.51291,112.9251
2382582,-1007674,-66.5127,112.9251
2382602,-1007686,-66.5125,112.9252
2382622,-1007698,-66.51229,112.9253
2382644,-1007710,-66.51208,112.9253
2382664,-1007722,-66.51188,112.9254
2382684,-1007734,-66.51167,112.9255
2382704,-1007745,-66.51147,112.9255
2382725,-1007758,-66.51125,112.9256
2382745,-1007769,-66.51105,112.9257
2382766,-1007781,-66.51084,112.9257
2382786,-1007793,-66.51064,112.9258
2382806,-1007805,-66.51043,112.9259
2382828,-1007818,-66.51022,112.9259
2382847,-1007829,-66.51001,112.926
2382867,-1007841,-66.5098,112.9261
2382888,-1007853,-66.5096,112.9262
2382908,-1007865,-66.50939,112.9262
2382929,-1007877,-66.50918,112.9263
2382950,-1007890,-66.50897,112.9264
2382970,-1007901,-66.50877,112.9264
2382990,-1007913,-66.50856,112.9265
2383011,-1007924,-66.50835,112.9265
2383032,-1007937,-66.50814,112.9266
2383052,-1007948,-66.50793,112.9267
2383073,-1007960,-66.50773,112.9267
2383094,-1007972,-66.50751,112.9268
2383114,-1007983,-66.50731,112.9269
2383136,-1007996,-66.5071,112.9269
2383156,-1008007,-66.50689,112.927
2383176,-1008019,-66.50668,112.927
2383196,-1008030,-66.50648,112.9271
2383217,-1008042,-66.50627,112.9272
2383238,-1008054,-66.50606,112.9272
2383258,-1008066,-66.50585,112.9273
2383279,-1008078,-66.50564,112.9274
2383300,-1008090,-66.50543,112.9274
2383321,-1008102,-66.50522,112.9275
2383342,-1008113,-66.50501,112.9275
2383362,-1008125,-66.5048,112.9276
2383383,-1008136,-66.50459,112.9277
2383404,-1008149,-66.50438,112.9277
2383425,-1008160,-66.50417,112.9278
2383445,-1008172,-66.50397,112.9278
2383466,-1008184,-66.50375,112.9279
2383488,-1008196,-66.50354,112.928
2383509,-1008208,-66.50333,112.928
2383529,-1008219,-66.50312,112.9281
2383550,-1008230,-66.50291,112.9281
2383571,-1008243,-66.5027,112.9282
2383592,-1008255,-66.50249,112.9283
2383613,-1008266,-66.50227,112.9283
2383633,-1008278,-66.50207,112.9284
2383655,-1008290,-66.50186,112.9284
2383676,-1008301,-66.50164,112.9285
2383697,-1008313,-66.50143,112.9286
2383717,-1008324,-66.50123,112.9286
2383738,-1008336,-66.50101,112.9287
2383760,-1008348,-66.5008,112.9287
2383781,-1008360,-66.50059,112.9288
2383802,-1008372,-66.50037,112.9288
2383822,-1008384,-66.50017,112.9289
2383843,-1008395,-66.49995,112.929
2383865,-1008408,-66.49974,112.929
2383886,-1008420,-66.49953,112.9291
2383907,-1008431,-66.49932,112.9292
2383928,-1008443,-66.49911,112.9292
2383949,-1008455,-66.49889,112.9293
2383970,-1008467,-66.49868,112.9293
2383991,-1008479,-66.49847,112.9294
2384012,-1008491,-66.49826,112.9295
2384033,-1008503,-66.49805,112.9295
2384054,-1008515,-66.49783,112.9296
2384075,-1008526,-66.49762,112.9296
2384096,-1008539,-66.49741,112.9297
2384116,-1008550,-66.4972,112.9298
2384138,-1008562,-66.49699,112.9298
2384158,-1008575,-66.49677,112.9299
2384180,-1008586,-66.49656,112.93
2384200,-1008598,-66.49635,112.93
2384222,-1008610,-66.49614,112.9301
2384243,-1008623,-66.49593,112.9302
2384264,-1008635,-66.49571,112.9302
2384285,-1008647,-66.4955,112.9303
2384305,-1008658,-66.49529,112.9303
2384326,-1008670,-66.49508,112.9304
2384348,-1008683,-66.49487,112.9305
2384368,-1008695,-66.49465,112.9305
2384390,-1008707,-66.49444,112.9306
2384410,-1008718,-66.49423,112.9307
2384432,-1008731,-66.49401,112.9307
2384452,-1008743,-66.4938,112.9308
2384474,-1008756,-66.49358,112.9309
2384494,-1008767,-66.49338,112.9309
2384516,-1008780,-66.49316,112.931
2384536,-1008792,-66.49295,112.9311
2384558,-1008804,-66.49274,112.9311
2384578,-1008816,-66.49252,112.9312
2384600,-1008828,-66.49231,112.9313
2384620,-1008840,-66.4921,112.9313
2384642,-1008853,-66.49188,112.9314
2384663,-1008864,-66.49168,112.9315
2384684,-1008876,-66.49146,112.9315
2384705,-1008889,-66.49125,112.9316
2384726,-1008901,-66.49104,112.9317
2384746,-1008913,-66.49082,112.9317
2384768,-1008925,-66.49061,112.9318
2384789,-1008938,-66.49039,112.9319
2384810,-1008950,-66.49018,112.9319
2384830,-1008962,-66.48997,112.932
2384852,-1008974,-66.48975,112.9321
2384873,-1008986,-66.48954,112.9321
2384894,-1008999,-66.48933,112.9322
2384916,-1009011,-66.48911,112.9323
2384936,-1009023,-66.48891,112.9323
2384957,-1009036,-66.48869,112.9324
2384978,-1009048,-66.48847,112.9325
2384999,-1009060,-66.48827,112.9325
2385020,-1009072,-66.48804,112.9326
2385042,-1009085,-66.48784,112.9327
2385062,-1009097,-66.48763,112.9328
2385083,-1009109,-66.48741,112.9328
2385104,-1009121,-66.4872,112.9329
2385125,-1009134,-66.48698,112.933
2385146,-1009146,-66.48677,112.933
2385167,-1009158,-66.48656,112.9331
2385189,-1009171,-66.48634,112.9332
2385210,-1009183,-66.48613,112.9332
2385231,-1009195,-66.48591,112.9333
2385251,-1009207,-66.4857,112.9334
2385272,-1009220,-66.48549,112.9334
2385293,-1009232,-66.48528,112.9335
2385315,-1009244,-66.48506,112.9336
2385336,-1009256,-66.48485,112.9336
2385356,-1009269,-66.48463,112.9337
2385378,-1009281,-66.48442,112.9338
2385398,-1009293,-66.48421,112.9339
2385420,-1009306,-66.48399,112.9339
2385440,-1009318,-66.48378,112.934
2385462,-1009331,-66.48357,112.9341
2385482,-1009342,-66.48336,112.9341
2385503,-1009355,-66.48314,112.9342
2385525,-1009368,-66.48293,112.9343
2385545,-1009380,-66.48272,112.9343
2385566,-1009393,-66.4825,112.9344
2385587,-1009405,-66.48229,112.9345
2385609,-1009417,-66.48207,112.9346
2385629,-1009429,-66.48186,112.9346
2385651,-1009442,-66.48165,112.9347
2385672,-1009454,-66.48144,112.9348
2385692,-1009467,-66.48122,112.9349
2385714,-1009480,-66.481,112.9349
2385734,-1009492,-66.4808,112.935
2385755,-1009505,-66.48058,112.9351
2385776,-1009517,-66.48037,112.9352
2385796,-1009530,-66.48016,112.9352
2385818,-1009543,-66.47993,112.9353
2385838,-1009554,-66.47973,112.9354
2385859,-1009567,-66.47952,112.9355
2385880,-1009580,-66.4793,112.9355
2385901,-1009593,-66.47909,112.9356
2385923,-1009606,-66.47887,112.9357
2385943,-1009618,-66.47866,112.9358
2385964,-1009631,-66.47845,112.9359
2385985,-1009644,-66.47823,112.9359
2386005,-1009656,-66.47802,112.936
2386026,-1009669,-66.47781,112.9361
2386047,-1009682,-66.47759,112.9362
2386068,-1009695,-66.47738,112.9363
2386090,-1009708,-66.47716,112.9363
2386109,-1009721,-66.47695,112.9364
2386130,-1009733,-66.47674,112.9365
2386152,-1009747,-66.47652,112.9366
2386172,-1009759,-66.47631,112.9367
2386194,-1009772,-66.47609,112.9368
2386215,-1009785,-66.47588,112.9368
2386235,-1009797,-66.47567,112.9369
2386257,-1009810,-66.47545,112.937
2386278,-1009823,-66.47523,112.9371
2386298,-1009836,-66.47502,112.9371
2386319,-1009849,-66.47481,112.9372
2386340,-1009862,-66.47459,112.9373
2386360,-1009875,-66.47438,112.9374
2386382,-1009887,-66.47417,112.9375
2386403,-1009900,-66.47395,112.9376
2386424,-1009913,-66.47374,112.9376
2386444,-1009926,-66.47353,112.9377
2386465,-1009939,-66.4733,112.9378
2386485,-1009951,-66.4731,112.9379
2386506,-1009964,-66.47289,112.938
2386528,-1009978,-66.47266,112.9381
2386548,-1009990,-66.47246,112.9381
2386570,-1010004,-66.47224,112.9382
2386590,-1010016,-66.47202,112.9383
2386610,-1010029,-66.47182,112.9384
2386632,-1010042,-66.4716,112.9385
2386653,-1010055,-66.47138,112.9386
2386674,-1010068,-66.47117,112.9387
2386694,-1010081,-66.47095,112.9387
2386715,-1010094,-66.47074,112.9388
2386736,-1010107,-66.47053,112.9389
2386756,-1010120,-66.47031,112.939
2386778,-1010133,-66.4701,112.9391
2386798,-1010146,-66.46989,112.9392
2386819,-1010159,-66.46967,112.9392
2386840,-1010172,-66.46946,112.9393
2386861,-1010184,-66.46925,112.9394
2386882,-1010198,-66.46903,112.9395
2386902,-1010210,-66.46881,112.9396
2386923,-1010224,-66.46861,112.9397
2386944,-1010237,-66.46838,112.9398
2386964,-1010249,-66.46818,112.9398
2386984,-1010263,-66.46796,112.9399
2387006,-1010275,-66.46774,112.94
2387027,-1010289,-66.46754,112.9401
2387048,-1010302,-66.46732,112.9402
2387068,-1010315,-66.4671,112.9403
2387090,-1010329,-66.46689,112.9404
2387110,-1010341,-66.46667,112.9405
2387130,-1010354,-66.46646,112.9405
2387151,-1010368,-66.46625,112.9406
2387172,-1010381,-66.46603,112.9407
2387192,-1010395,-66.46582,112.9408
2387213,-1010407,-66.46561,112.9409
2387234,-1010421,-66.46539,112.941
2387254,-1010435,-66.46518,112.9411
2387275,-1010448,-66.46497,112.9412
2387296,-1010461,-66.46475,112.9413
2387316,-1010475,-66.46454,112.9414
2387337,-1010488,-66.46432,112.9415
2387357,-1010501,-66.46411,112.9416
2387378,-1010515,-66.4639,112.9417
2387398,-1010528,-66.46368,112.9418
2387419,-1010542,-66.46347,112.9419
2387440,-1010555,-66.46326,112.942
2387460,-1010569,-66.46304,112.9421
2387480,-1010583,-66.46283,112.9422
2387501,-1010596,-66.46262,112.9423
2387522,-1010610,-66.4624,112.9424
2387542,-1010624,-66.46219,112.9425
2387562,-1010637,-66.46198,112.9426
2387583,-1010651,-66.46176,112.9427
2387602,-1010664,-66.46156,112.9428
2387624,-1010679,-66.46133,112.9429
2387643,-1010692,-66.46113,112.943
2387663,-1010706,-66.46091,112.9431
2387684,-1010720,-66.4607,112.9432
2387704,-1010734,-66.46049,112.9433
2387724,-1010748,-66.46027,112.9434
2387744,-1010762,-66.46006,112.9436
2387766,-1010776,-66.45985,112.9437
2387785,-1010790,-66.45963,112.9438
2387806,-1010804,-66.45942,112.9439
2387825,-1010818,-66.45921,112.944
2387846,-1010832,-66.45899,112.9441
2387866,-1010846,-66.45879,112.9442
2387886,-1010860,-66.45857,112.9443
2387906,-1010875,-66.45836,112.9444
2387926,-1010889,-66.45815,112.9446
2387947,-1010903,-66.45793,112.9447
2387967,-1010917,-66.45772,112.9448
2387987,-1010932,-66.4575,112.9449
2388008,-1010946,-66.45729,112.945
2388027,-1010960,-66.45708,112.9451
2388048,-1010974,-66.45687,112.9453
2388068,-1010989,-66.45666,112.9454
2388088,-1011003,-66.45644,112.9455
2388107,-1011017,-66.45623,112.9456
2388128,-1011031,-66.45602,112.9457
2388148,-1011045,-66.4558,112.9458
2388168,-1011060,-66.45559,112.946
2388188,-1011074,-66.45538,112.9461
2388208,-1011088,-66.45516,112.9462
2388229,-1011103,-66.45495,112.9463
2388250,-1011116,-66.45473,112.9464
2388269,-1011130,-66.45452,112.9465
2388290,-1011145,-66.45431,112.9466
2388310,-1011159,-66.45409,112.9468
2388330,-1011173,-66.45388,112.9469
2388350,-1011187,-66.45367,112.947
2388371,-1011202,-66.45345,112.9471
2388391,-1011216,-66.45324,112.9472
2388412,-1011230,-66.45302,112.9473
2388431,-1011244,-66.45281,112.9474
2388453,-1011259,-66.45259,112.9475
2388473,-1011272,-66.45238,112.9477
2388494,-1011286,-66.45216,112.9478
2388514,-1011300,-66.45195,112.9479
2388534,-1011314,-66.45174,112.948
2388555,-1011328,-66.45152,112.9481
2388576,-1011342,-66.4513,112.9482
2388595,-1011356,-66.4511,112.9483
2388616,-1011370,-66.45087,112.9484
2388636,-1011384,-66.45066,112.9485
2388657,-1011398,-66.45045,112.9486
2388678,-1011413,-66.45023,112.9487
2388699,-1011426,-66.45001,112.9488
2388719,-1011440,-66.4498,112.949
2388740,-1011454,-66.44958,112.9491
2388760,-1011468,-66.44937,112.9492
2388781,-1011482,-66.44915,112.9493
2388802,-1011496,-66.44894,112.9494
2388822,-1011509,-66.44872,112.9495
2388842,-1011523,-66.44851,112.9496
2388863,-1011537,-66.4483,112.9497
2388884,-1011551,-66.44807,112.9498
2388905,-1011565,-66.44786,112.9499
2388926,-1011579,-66.44764,112.95
2388946,-1011592,-66.44743,112.9501
2388966,-1011606,-66.44721,112.9502
2388988,-1011620,-66.44699,112.9503
2389008,-1011633,-66.44678,112.9504
2389028,-1011647,-66.44657,112.9505
2389050,-1011662,-66.44635,112.9506
2389070,-1011675,-66.44614,112.9507
2389091,-1011689,-66.44592,112.9508
2389112,-1011702,-66.4457,112.9509
2389132,-1011716,-66.44549,112.951
2389153,-1011730,-66.44527,112.9511
2389174,-1011743,-66.44505,112.9512
2389194,-1011757,-66.44484,112.9513
2389215,-1011770,-66.44463,112.9514
2389236,-1011784,-66.44441,112.9515
2389257,-1011798,-66.44419,112.9516
2389277,-1011812,-66.44398,112.9517
2389299,-1011825,-66.44376,112.9518
2389320,-1011839,-66.44354,112.9519
2389340,-1011853,-66.44333,112.952
2389361,-1011866,-66.44312,112.9521
2389381,-1011880,-66.4429,112.9522
2389402,-1011894,-66.44268,112.9523
2389422,-1011907,-66.44247,112.9524
2389443,-1011920,-66.44225,112.9525
2389464,-1011934,-66.44204,112.9526
2389484,-1011948,-66.44183,112.9527
2389504,-1011961,-66.44161,112.9528
2389526,-1011975,-66.44139,112.9529
2389547,-1011988,-66.44118,112.953
2389568,-1012001,-66.44096,112.9531
2389588,-1012015,-66.44075,112.9532
2389608,-1012028,-66.44054,112.9532
2389630,-1012042,-66.44032,112.9533
2389650,-1012055,-66.4401,112.9534
2389672,-1012069,-66.43988,112.9535
2389692,-1012082,-66.43967,112.9536
2389712,-1012095,-66.43946,112.9537
2389734,-1012109,-66.43924,112.9538
2389754,-1012122,-66.43903,112.9539
2389776,-1012136,-66.4388,112.954
2389796,-1012149,-66.4386,112.9541
2389816,-1012162,-66.43839,112.9542
2389838,-1012176,-66.43816,112.9543
2389858,-1012189,-66.43795,112.9544
2389879,-1012202,-66.43774,112.9545
2389900,-1012215,-66.43752,112.9545
2389920,-1012228,-66.43731,112.9546
2389942,-1012242,-66.43709,112.9547
2389962,-1012256,-66.43687,112.9548
2389982,-1012268,-66.43667,112.9549
2390004,-1012282,-66.43645,112.955
2390025,-1012295,-66.43623,112.9551
2390046,-1012309,-66.43601,112.9552
2390066,-1012321,-66.43581,112.9553
2390086,-1012334,-66.43559,112.9554
2390108,-1012348,-66.43537,112.9554
2390128,-1012361,-66.43516,112.9555
2390150,-1012374,-66.43494,112.9556
2390170,-1012387,-66.43473,112.9557
2390191,-1012401,-66.43452,112.9558
2390212,-1012414,-66.4343,112.9559
2390233,-1012427,-66.43409,112.956
2390254,-1012440,-66.43387,112.9561
2390274,-1012453,-66.43365,112.9562
2390294,-1012466,-66.43344,112.9562
2390316,-1012479,-66.43323,112.9563
2390336,-1012492,-66.43301,112.9564
2390357,-1012505,-66.4328,112.9565
2390379,-1012519,-66.43258,112.9566
2390400,-1012532,-66.43237,112.9567
2390420,-1012545,-66.43215,112.9568
2390441,-1012559,-66.43194,112.9569
2390462,-1012571,-66.43172,112.9569
2390483,-1012585,-66.4315,112.957
2390504,-1012598,-66.4313,112.9571
2390525,-1012611,-66.43108,112.9572
2390545,-1012624,-66.43086,112.9573
2390566,-1012637,-66.43065,112.9574
2390587,-1012650,-66.43044,112.9575
2390608,-1012664,-66.43022,112.9576
2390630,-1012677,-66.43,112.9576
2390650,-1012690,-66.42979,112.9577
2390670,-1012703,-66.42958,112.9578
2390691,-1012717,-66.42936,112.9579
2390712,-1012730,-66.42915,112.958
2390732,-1012743,-66.42893,112.9581
2390753,-1012756,-66.42872,112.9582
2390774,-1012769,-66.4285,112.9583
2390796,-1012783,-66.42828,112.9584
2390816,-1012796,-66.42807,112.9585
2390836,-1012809,-66.42786,112.9585
2390857,-1012822,-66.42764,112.9586
2390878,-1012836,-66.42743,112.9587
2390899,-1012848,-66.42722,112.9588
2390919,-1012862,-66.427,112.9589
2390940,-1012875,-66.42679,112.959
2390961,-1012889,-66.42657,112.9591
2390981,-1012902,-66.42636,112.9592
2391003,-1012916,-66.42614,112.9593
2391024,-1012929,-66.42593,112.9594
2391044,-1012941,-66.42571,112.9595
2391065,-1012955,-66.4255,112.9595
2391086,-1012968,-66.42529,112.9596
2391106,-1012982,-66.42507,112.9597
2391127,-1012995,-66.42486,112.9598
2391148,-1013009,-66.42464,112.9599
2391168,-1013022,-66.42442,112.96
2391188,-1013034,-66.42422,112.9601
2391209,-1013048,-66.424,112.9602
2391230,-1013062,-66.42378,112.9603
2391251,-1013074,-66.42358,112.9604
2391272,-1013088,-66.42336,112.9605
2391293,-1013101,-66.42314,112.9606
2391312,-1013114,-66.42294,112.9607
2391334,-1013128,-66.42271,112.9608
2391354,-1013141,-66.4225,112.9608
2391375,-1013155,-66.42229,112.9609
2391396,-1013168,-66.42207,112.961
2391415,-1013181,-66.42187,112.9611
2391437,-1013195,-66.42165,112.9612
2391458,-1013208,-66.42143,112.9613
2391478,-1013222,-66.42122,112.9614
2391498,-1013235,-66.42101,112.9615
2391518,-1013248,-66.4208,112.9616
2391540,-1013262,-66.42058,112.9617
2391559,-1013275,-66.42037,112.9618
2391581,-1013289,-66.42015,112.9619
2391602,-1013302,-66.41994,112.962
2391621,-1013315,-66.41973,112.9621
2391643,-1013329,-66.41951,112.9622
2391662,-1013342,-66.4193,112.9623
2391683,-1013355,-66.41909,112.9623
2391704,-1013368,-66.41888,112.9624
2391724,-1013382,-66.41866,112.9625
2391745,-1013395,-66.41845,112.9626
2391766,-1013409,-66.41824,112.9627
2391785,-1013422,-66.41803,112.9628
2391806,-1013435,-66.41781,112.9629
2391826,-1013448,-66.4176,112.963
2391848,-1013462,-66.41738,112.9631
2391868,-1013475,-66.41718,112.9632
2391888,-1013488,-66.41696,112.9633
2391908,-1013501,-66.41675,112.9634
2391930,-1013515,-66.41653,112.9635
2391950,-1013528,-66.41632,112.9636
2391970,-1013541,-66.41611,112.9637
2391991,-1013555,-66.4159,112.9638
2392012,-1013568,-66.41569,112.9638
2392032,-1013581,-66.41547,112.9639
2392053,-1013595,-66.41526,112.964
2392074,-1013608,-66.41505,112.9641
2392093,-1013620,-66.41484,112.9642
2392115,-1013634,-66.41462,112.9643
2392134,-1013647,-66.41441,112.9644
2392155,-1013660,-66.4142,112.9645
2392176,-1013673,-66.41399,112.9646
2392196,-1013686,-66.41378,112.9647
2392217,-1013700,-66.41356,112.9648
2392236,-1013712,-66.41335,112.9648
2392258,-1013725,-66.41314,112.9649
2392278,-1013739,-66.41293,112.965
2392298,-1013752,-66.41271,112.9651
2392320,-1013765,-66.4125,112.9652
2392340,-1013778,-66.41228,112.9653
2392361,-1013791,-66.41208,112.9654
2392382,-1013805,-66.41186,112.9655
2392402,-1013818,-66.41165,112.9656
2392423,-1013831,-66.41143,112.9656
2392444,-1013844,-66.41122,112.9657
2392464,-1013857,-66.41101,112.9658
2392484,-1013870,-66.4108,112.9659
2392506,-1013883,-66.41058,112.966
2392526,-1013896,-66.41037,112.9661
2392547,-1013909,-66.41016,112.9662
2392567,-1013922,-66.40994,112.9663
2392588,-1013935,-66.40973,112.9663
2392608,-1013948,-66.40952,112.9664
2392630,-1013962,-66.4093,112.9665
2392650,-1013975,-66.40909,112.9666
2392671,-1013988,-66.40887,112.9667
2392691,-1014001,-66.40866,112.9668
2392712,-1014014,-66.40845,112.9669
2392733,-1014027,-66.40823,112.967
2392753,-1014040,-66.40802,112.967
2392774,-1014053,-66.40781,112.9671
2392796,-1014067,-66.40759,112.9672
2392816,-1014079,-66.40738,112.9673
2392836,-1014093,-66.40717,112.9674
2392858,-1014106,-66.40694,112.9675
2392878,-1014119,-66.40673,112.9676
2392900,-1014133,-66.40652,112.9677
2392920,-1014146,-66.4063,112.9678
2392941,-1014159,-66.40609,112.9679
2392962,-1014173,-66.40588,112.9679
2392982,-1014185,-66.40566,112.968
2393002,-1014198,-66.40545,112.9681
2393024,-1014212,-66.40523,112.9682
2393044,-1014225,-66.40501,112.9683
2393066,-1014239,-66.4048,112.9684
2393086,-1014252,-66.40459,112.9685
2393107,-1014265,-66.40437,112.9686
2393128,-1014278,-66.40415,112.9687
2393149,-1014291,-66.40394,112.9688
2393170,-1014305,-66.40372,112.9688
2393191,-1014318,-66.40351,112.9689
2393211,-1014331,-66.4033,112.969
2393232,-1014344,-66.40308,112.9691
2393253,-1014357,-66.40287,112.9692
2393274,-1014371,-66.40265,112.9693
2393295,-1014384,-66.40244,112.9694
2393316,-1014397,-66.40222,112.9695
2393337,-1014410,-66.402,112.9695
2393357,-1014423,-66.40179,112.9696
2393379,-1014437,-66.40157,112.9697
2393400,-1014449,-66.40136,112.9698
2393420,-1014462,-66.40115,112.9699
2393442,-1014476,-66.40092,112.97
2393462,-1014488,-66.40072,112.97
2393483,-1014501,-66.40051,112.9701
2393504,-1014514,-66.40028,112.9702
2393524,-1014527,-66.40007,112.9703
2393547,-1014540,-66.39985,112.9704
2393568,-1014553,-66.39964,112.9705
2393589,-1014566,-66.39942,112.9705
2393610,-1014578,-66.39921,112.9706
2393630,-1014591,-66.39899,112.9707
2393651,-1014604,-66.39877,112.9708
2393673,-1014617,-66.39856,112.9709
2393694,-1014630,-66.39835,112.9709
2393716,-1014643,-66.39812,112.971
2393736,-1014655,-66.39791,112.9711
2393757,-1014668,-66.3977,112.9712
2393778,-1014681,-66.39748,112.9712
2393799,-1014694,-66.39727,112.9713
2393820,-1014707,-66.39705,112.9714
2393842,-1014719,-66.39684,112.9715
2393863,-1014732,-66.39661,112.9716
2393884,-1014745,-66.3964,112.9716
2393904,-1014758,-66.39619,112.9717
2393926,-1014771,-66.39597,112.9718
2393947,-1014783,-66.39576,112.9719
2393968,-1014796,-66.39555,112.9719
2393989,-1014809,-66.39532,112.972
2394010,-1014821,-66.39511,112.9721
2394032,-1014834,-66.39489,112.9722
2394052,-1014847,-66.39468,112.9723
2394074,-1014860,-66.39446,112.9723
2394095,-1014872,-66.39425,112.9724
2394116,-1014884,-66.39404,112.9725
2394137,-1014897,-66.39381,112.9725
2394158,-1014910,-66.3936,112.9726
2394179,-1014923,-66.39339,112.9727
2394200,-1014936,-66.39317,112.9728
2394221,-1014948,-66.39296,112.9728
2394243,-1014961,-66.39274,112.9729
2394264,-1014973,-66.39252,112.973
2394285,-1014986,-66.39231,112.9731
2394306,-1014998,-66.39209,112.9731
2394327,-1015010,-66.39188,112.9732
2394348,-1015023,-66.39167,112.9733
2394370,-1015036,-66.39145,112.9734
2394390,-1015048,-66.39124,112.9734
2394413,-1015061,-66.39101,112.9735
2394434,-1015073,-66.3908,112.9736
2394454,-1015086,-66.39059,112.9736
2394475,-1015098,-66.39037,112.9737
2394496,-1015111,-66.39016,112.9738
2394518,-1015123,-66.38994,112.9739
2394538,-1015135,-66.38973,112.9739
2394560,-1015148,-66.38952,112.974
2394581,-1015161,-66.3893,112.9741
2394602,-1015173,-66.38908,112.9741
2394623,-1015186,-66.38887,112.9742
2394644,-1015198,-66.38866,112.9743
2394665,-1015210,-66.38844,112.9744
2394687,-1015223,-66.38822,112.9744
2394707,-1015235,-66.38802,112.9745
2394729,-1015248,-66.38779,112.9746
2394750,-1015260,-66.38758,112.9746
2394771,-1015272,-66.38737,112.9747
2394792,-1015284,-66.38715,112.9748
2394813,-1015298,-66.38694,112.9748
2394834,-1015310,-66.38673,112.9749
2394855,-1015322,-66.38651,112.975
2394876,-1015334,-66.3863,112.9751
2394898,-1015347,-66.38608,112.9751
2394918,-1015358,-66.38587,112.9752
2394939,-1015370,-66.38566,112.9753
2394961,-1015383,-66.38544,112.9753
2394981,-1015395,-66.38523,112.9754
2395002,-1015408,-66.38502,112.9755
2395024,-1015420,-66.3848,112.9755
2395044,-1015432,-66.38459,112.9756
2395066,-1015445,-66.38438,112.9757
2395087,-1015457,-66.38417,112.9757
2395108,-1015469,-66.38395,112.9758
2395128,-1015481,-66.38374,112.9759
2395149,-1015493,-66.38353,112.9759
2395170,-1015506,-66.38332,112.976
2395192,-1015518,-66.3831,112.9761
2395212,-1015530,-66.38289,112.9761
2395233,-1015542,-66.38268,112.9762
2395254,-1015554,-66.38247,112.9763
2395275,-1015567,-66.38226,112.9763
2395295,-1015579,-66.38205,112.9764
2395316,-1015591,-66.38184,112.9765
2395337,-1015603,-66.38162,112.9765
2395358,-1015616,-66.38142,112.9766
2395378,-1015628,-66.3812,112.9767
2395398,-1015640,-66.381,112.9768
2395419,-1015652,-66.38078,112.9768
2395440,-1015665,-66.38057,112.9769
2395460,-1015677,-66.38036,112.977
2395482,-1015690,-66.38015,112.9771
2395502,-1015701,-66.37994,112.9771
2395522,-1015713,-66.37974,112.9772
2395543,-1015726,-66.37952,112.9773
2395564,-1015738,-66.37932,112.9773
2395584,-1015751,-66.3791,112.9774
2395604,-1015763,-66.3789,112.9775
2395624,-1015776,-66.37869,112.9776
2395645,-1015788,-66.37848,112.9776
2395666,-1015800,-66.37827,112.9777
2395686,-1015812,-66.37807,112.9778
2395706,-1015825,-66.37785,112.9779
2395728,-1015838,-66.37765,112.9779
2395748,-1015850,-66.37743,112.978
2395768,-1015862,-66.37723,112.9781
2395788,-1015875,-66.37702,112.9782
2395809,-1015887,-66.37681,112.9782
2395828,-1015900,-66.3766,112.9783
2395848,-1015912,-66.3764,112.9784
2395869,-1015925,-66.37619,112.9785
2395889,-1015937,-66.37598,112.9786
2395910,-1015950,-66.37577,112.9787
2395930,-1015963,-66.37556,112.9787
2395950,-1015975,-66.37536,112.9788
2395969,-1015988,-66.37515,112.9789
2395990,-1016000,-66.37495,112.979
2396010,-1016013,-66.37473,112.9791
2396030,-1016026,-66.37453,112.9791
2396051,-1016038,-66.37432,112.9792
2396071,-1016051,-66.37411,112.9793
2396090,-1016063,-66.37391,112.9794
2396110,-1016076,-66.3737,112.9795
2396130,-1016089,-66.3735,112.9796
2396150,-1016101,-66.3733,112.9797
2396170,-1016115,-66.37309,112.9798
2396190,-1016127,-66.37288,112.9798
2396210,-1016140,-66.37267,112.9799
2396230,-1016153,-66.37247,112.98
2396249,-1016166,-66.37227,112.9801
2396270,-1016179,-66.37206,112.9802
2396289,-1016191,-66.37186,112.9803
2396310,-1016204,-66.37164,112.9804
2396329,-1016217,-66.37144,112.9805
2396349,-1016230,-66.37124,112.9805
2396368,-1016242,-66.37103,112.9806
2396388,-1016255,-66.37083,112.9807
2396408,-1016268,-66.37062,112.9808
2396428,-1016280,-66.37041,112.9809
2396448,-1016293,-66.37022,112.981
2396468,-1016306,-66.37,112.9811
2396487,-1016319,-66.3698,112.9812
2396508,-1016332,-66.36959,112.9813
2396527,-1016345,-66.36939,112.9813
2396546,-1016357,-66.36919,112.9814
2396566,-1016371,-66.36898,112.9815
2396587,-1016384,-66.36877,112.9816
2396605,-1016396,-66.36858,112.9817
2396626,-1016409,-66.36836,112.9818
2396646,-1016421,-66.36816,112.9819
2396666,-1016435,-66.36795,112.982
2396685,-1016447,-66.36775,112.9821
2396705,-1016460,-66.36755,112.9822
2396725,-1016473,-66.36734,112.9822
2396744,-1016485,-66.36713,112.9823
2396765,-1016498,-66.36693,112.9824
2396784,-1016512,-66.36672,112.9825
2396804,-1016524,-66.36652,112.9826
2396824,-1016537,-66.36631,112.9827
2396843,-1016549,-66.36611,112.9828
2396864,-1016563,-66.3659,112.9829
2396883,-1016575,-66.3657,112.983
2396904,-1016588,-66.36549,112.983
2396923,-1016601,-66.36529,112.9831
2396942,-1016614,-66.36508,112.9832
2396963,-1016626,-66.36488,112.9833
2396983,-1016640,-66.36467,112.9834
2397003,-1016652,-66.36446,112.9835
2397022,-1016665,-66.36426,112.9836
2397042,-1016678,-66.36405,112.9837
2397062,-1016691,-66.36385,112.9838
2397082,-1016704,-66.36364,112.9839
2397102,-1016717,-66.36343,112.9839
2397121,-1016730,-66.36323,112.984
2397142,-1016743,-66.36302,112.9841
2397161,-1016755,-66.36282,112.9842
2397182,-1016768,-66.36261,112.9843
2397201,-1016781,-66.3624,112.9844
2397222,-1016794,-66.3622,112.9845
2397240,-1016807,-66.36199,112.9846
2397260,-1016819,-66.36179,112.9847
2397281,-1016833,-66.36158,112.9848
2397301,-1016846,-66.36137,112.9848
2397320,-1016859,-66.36117,112.9849
2397340,-1016871,-66.36096,112.985
2397360,-1016884,-66.36076,112.9851
2397380,-1016897,-66.36055,112.9852
2397400,-1016910,-66.36034,112.9853
2397420,-1016923,-66.36014,112.9854
2397440,-1016936,-66.35993,112.9855
2397460,-1016948,-66.35973,112.9856
2397479,-1016961,-66.35952,112.9857
2397499,-1016974,-66.35931,112.9857
2397520,-1016987,-66.35911,112.9858
2397539,-1017000,-66.3589,112.9859
2397559,-1017013,-66.3587,112.986
2397580,-1017027,-66.35848,112.9861
2397598,-1017039,-66.35828,112.9862
2397618,-1017052,-66.35808,112.9863
2397639,-1017065,-66.35786,112.9864
2397658,-1017078,-66.35767,112.9865
2397679,-1017091,-66.35745,112.9866
2397698,-1017104,-66.35725,112.9867
2397718,-1017117,-66.35704,112.9868
2397738,-1017130,-66.35683,112.9868
2397758,-1017143,-66.35663,112.9869
2397778,-1017156,-66.35642,112.987
2397798,-1017169,-66.35622,112.9871
2397818,-1017182,-66.35601,112.9872
2397837,-1017194,-66.3558,112.9873
2397857,-1017208,-66.3556,112.9874
2397877,-1017221,-66.35539,112.9875
2397898,-1017234,-66.35518,112.9876
2397917,-1017247,-66.35498,112.9877
2397938,-1017260,-66.35477,112.9878
2397957,-1017273,-66.35456,112.9879
2397977,-1017286,-66.35436,112.988
2397997,-1017299,-66.35415,112.9881
2398016,-1017312,-66.35394,112.9881
2398036,-1017325,-66.35374,112.9882
2398056,-1017338,-66.35353,112.9883
2398076,-1017351,-66.35332,112.9884
2398096,-1017364,-66.35312,112.9885
2398116,-1017377,-66.35291,112.9886
2398136,-1017390,-66.35271,112.9887
2398156,-1017402,-66.3525,112.9888
2398175,-1017416,-66.35229,112.9889
2398196,-1017429,-66.35208,112.989
2398214,-1017442,-66.35188,112.9891
2398235,-1017455,-66.35168,112.9892
2398256,-1017468,-66.35146,112.9893
2398274,-1017481,-66.35126,112.9893
2398295,-1017494,-66.35105,112.9894
2398314,-1017507,-66.35085,112.9895
2398334,-1017520,-66.35064,112.9896
2398354,-1017534,-66.35043,112.9897
2398374,-1017546,-66.35023,112.9898
2398394,-1017560,-66.35002,112.9899
2398414,-1017573,-66.34982,112.99
2398433,-1017586,-66.34961,112.9901
2398454,-1017599,-66.3494,112.9902
2398473,-1017612,-66.3492,112.9903
2398494,-1017626,-66.34898,112.9904
2398513,-1017638,-66.34879,112.9905
2398532,-1017652,-66.34858,112.9906
2398552,-1017665,-66.34837,112.9907
2398572,-1017677,-66.34817,112.9908
2398592,-1017691,-66.34795,112.9909
2398612,-1017704,-66.34775,112.991
2398631,-1017717,-66.34755,112.9911
2398652,-1017731,-66.34734,112.9912
2398671,-1017744,-66.34713,112.9913
2398691,-1017756,-66.34692,112.9913
2398712,-1017770,-66.34672,112.9914
2398731,-1017783,-66.34651,112.9915
2398751,-1017796,-66.34631,112.9916
2398770,-1017809,-66.3461,112.9917
2398790,-1017822,-66.34589,112.9918
2398811,-1017835,-66.34569,112.9919
2398830,-1017848,-66.34548,112.992
2398850,-1017862,-66.34527,112.9921
2398870,-1017874,-66.34507,112.9922
2398889,-1017888,-66.34486,112.9923
2398910,-1017901,-66.34465,112.9924
2398928,-1017913,-66.34445,112.9925
2398949,-1017927,-66.34424,112.9926
2398969,-1017940,-66.34403,112.9927
2398989,-1017953,-66.34383,112.9928
2399008,-1017966,-66.34362,112.9929
2399028,-1017979,-66.34341,112.993
2399048,-1017992,-66.34321,112.9931
2399068,-1018006,-66.343,112.9931
2399088,-1018018,-66.3428,112.9932
2399108,-1018032,-66.34259,112.9933
2399128,-1018044,-66.34238,112.9934
2399148,-1018057,-66.34218,112.9935
2399168,-1018071,-66.34197,112.9936
2399188,-1018083,-66.34177,112.9937
2399208,-1018097,-66.34155,112.9938
2399227,-1018109,-66.34135,112.9939
2399246,-1018122,-66.34115,112.994
2399267,-1018135,-66.34093,112.9941
2399286,-1018148,-66.34074,112.9942
2399307,-1018162,-66.34052,112.9943
2399327,-1018174,-66.34032,112.9943
2399346,-1018187,-66.34012,112.9944
2399366,-1018200,-66.3399,112.9945
2399386,-1018213,-66.3397,112.9946
2399406,-1018226,-66.33949,112.9947
2399426,-1018239,-66.33929,112.9948
2399446,-1018252,-66.33908,112.9949
2399466,-1018265,-66.33887,112.995
2399485,-1018278,-66.33867,112.9951
2399506,-1018290,-66.33846,112.9952
2399526,-1018304,-66.33825,112.9953
2399546,-1018316,-66.33805,112.9953
2399566,-1018330,-66.33784,112.9954
2399585,-1018343,-66.33763,112.9955
2399605,-1018356,-66.33743,112.9956
2399625,-1018369,-66.33722,112.9957
2399645,-1018382,-66.33701,112.9958
2399665,-1018395,-66.33681,112.9959
2399685,-1018408,-66.3366,112.996
2399704,-1018421,-66.3364,112.9961
2399724,-1018434,-66.33619,112.9962
2399744,-1018447,-66.33598,112.9963
2399765,-1018461,-66.33577,112.9964
2399784,-1018473,-66.33557,112.9965
2399804,-1018486,-66.33537,112.9966
2399824,-1018499,-66.33515,112.9967
2399844,-1018512,-66.33495,112.9967
2399864,-1018526,-66.33474,112.9968
2399884,-1018538,-66.33453,112.9969
2399904,-1018551,-66.33433,112.997
2399924,-1018564,-66.33412,112.9971
2399943,-1018577,-66.33392,112.9972
2399963,-1018590,-66.33371,112.9973
2399982,-1018603,-66.3335,112.9974
2400003,-1018616,-66.3333,112.9975
2400024,-1018629,-66.33308,112.9976
2400042,-1018642,-66.33289,112.9977
2400062,-1018655,-66.33268,112.9978
2400083,-1018668,-66.33247,112.9978
2400102,-1018681,-66.33226,112.9979
2400123,-1018694,-66.33205,112.998
2400142,-1018707,-66.33185,112.9981
2400162,-1018720,-66.33164,112.9982
2400184,-1018734,-66.33143,112.9983
2400202,-1018746,-66.33123,112.9984
2400222,-1018759,-66.33102,112.9985
2400243,-1018772,-66.33081,112.9986
2400262,-1018785,-66.33061,112.9987
2400282,-1018798,-66.3304,112.9988
2400302,-1018811,-66.33019,112.9989
2400322,-1018824,-66.32999,112.9989
2400342,-1018837,-66.32978,112.999
2400361,-1018850,-66.32957,112.9991
2400382,-1018863,-66.32936,112.9992
2400401,-1018876,-66.32916,112.9993
2400421,-1018889,-66.32896,112.9994
2400442,-1018902,-66.32874,112.9995
2400462,-1018915,-66.32854,112.9996
2400481,-1018927,-66.32833,112.9997
2400502,-1018941,-66.32812,112.9998
2400522,-1018953,-66.32792,112.9998
2400542,-1018967,-66.32771,112.9999
2400560,-1018979,-66.32751,113
2400582,-1018992,-66.32729,113.0001
2400602,-1019005,-66.32709,113.0002
2400622,-1019018,-66.32688,113.0003
2400641,-1019031,-66.32668,113.0004
2400662,-1019044,-66.32647,113.0005
2400682,-1019057,-66.32626,113.0006
2400702,-1019070,-66.32605,113.0007
2400721,-1019083,-66.32585,113.0007
2400742,-1019096,-66.32564,113.0008
2400761,-1019108,-66.32543,113.0009
2400782,-1019121,-66.32523,113.001
2400801,-1019134,-66.32502,113.0011
2400821,-1019146,-66.32481,113.0012
2400842,-1019160,-66.3246,113.0013
2400862,-1019173,-66.32439,113.0014
2400882,-1019186,-66.32419,113.0014
2400902,-1019199,-66.32398,113.0015
2400922,-1019211,-66.32378,113.0016
2400942,-1019224,-66.32356,113.0017
2400962,-1019237,-66.32336,113.0018
2400981,-1019250,-66.32316,113.0019
2401002,-1019263,-66.32294,113.002
2401022,-1019276,-66.32274,113.0021
2401043,-1019289,-66.32253,113.0022
2401062,-1019302,-66.32233,113.0023
2401082,-1019314,-66.32212,113.0023
2401102,-1019327,-66.32191,113.0024
2401122,-1019340,-66.3217,113.0025
2401142,-1019353,-66.32149,113.0026
2401162,-1019365,-66.32129,113.0027
2401182,-1019378,-66.32108,113.0028
2401202,-1019392,-66.32087,113.0029
2401222,-1019404,-66.32066,113.003
2401242,-1019417,-66.32046,113.003
2401262,-1019430,-66.32025,113.0031
2401282,-1019443,-66.32005,113.0032
2401303,-1019456,-66.31983,113.0033
2401323,-1019469,-66.31963,113.0034
2401342,-1019481,-66.31942,113.0035
2401362,-1019495,-66.31921,113.0036
2401382,-1019507,-66.31901,113.0037
2401403,-1019521,-66.31879,113.0037
2401423,-1019533,-66.31859,113.0038
2401444,-1019546,-66.31838,113.0039
2401462,-1019559,-66.31818,113.004
2401482,-1019572,-66.31797,113.0041
2401504,-1019585,-66.31776,113.0042
2401522,-1019598,-66.31756,113.0043
2401542,-1019610,-66.31735,113.0044
2401564,-1019624,-66.31714,113.0045
2401582,-1019636,-66.31693,113.0045
2401602,-1019649,-66.31673,113.0046
2401623,-1019662,-66.31652,113.0047
2401642,-1019675,-66.31631,113.0048
2401663,-1019688,-66.3161,113.0049
2401682,-1019701,-66.3159,113.005
2401702,-1019714,-66.3157,113.0051
2401723,-1019727,-66.31548,113.0052
2401743,-1019739,-66.31528,113.0053
2401763,-1019752,-66.31507,113.0053
2401782,-1019765,-66.31487,113.0054
2401802,-1019778,-66.31466,113.0055
2401823,-1019792,-66.31445,113.0056
2401842,-1019804,-66.31425,113.0057
2401863,-1019818,-66.31403,113.0058
2401882,-1019830,-66.31383,113.0059
2401902,-1019843,-66.31362,113.006
2401922,-1019856,-66.31342,113.0061
2401942,-1019869,-66.31321,113.0062
2401963,-1019882,-66.313,113.0063
2401982,-1019895,-66.3128,113.0063
2402002,-1019908,-66.31259,113.0064
2402022,-1019921,-66.31238,113.0065
2402042,-1019934,-66.31218,113.0066
2402062,-1019947,-66.31197,113.0067
2402082,-1019960,-66.31176,113.0068
2402102,-1019973,-66.31155,113.0069
2402122,-1019986,-66.31135,113.007
2402141,-1019999,-66.31114,113.0071
2402162,-1020012,-66.31094,113.0072
2402181,-1020025,-66.31073,113.0073
2402201,-1020037,-66.31052,113.0073
2402221,-1020051,-66.31032,113.0074
2402240,-1020064,-66.31011,113.0075
2402260,-1020076,-66.30991,113.0076
2402280,-1020089,-66.3097,113.0077
2402300,-1020102,-66.30949,113.0078
2402320,-1020116,-66.30929,113.0079
2402340,-1020129,-66.30908,113.008
2402360,-1020142,-66.30888,113.0081
2402379,-1020155,-66.30867,113.0082
2402400,-1020168,-66.30846,113.0083
2402419,-1020181,-66.30826,113.0084
2402438,-1020194,-66.30805,113.0085
2402459,-1020207,-66.30785,113.0086
2402478,-1020220,-66.30764,113.0087
2402498,-1020233,-66.30743,113.0087
2402518,-1020246,-66.30723,113.0088
2402538,-1020259,-66.30702,113.0089
2402558,-1020272,-66.30682,113.009
2402578,-1020285,-66.30661,113.0091
2402598,-1020298,-66.3064,113.0092
2402616,-1020311,-66.30621,113.0093
2402637,-1020324,-66.30599,113.0094
2402656,-1020336,-66.30579,113.0095
2402676,-1020350,-66.30558,113.0096
2402695,-1020363,-66.30538,113.0097
2402716,-1020376,-66.30518,113.0098
2402735,-1020389,-66.30497,113.0099
2402755,-1020402,-66.30476,113.01
2402774,-1020415,-66.30456,113.0101
2402794,-1020428,-66.30435,113.0101
2402813,-1020441,-66.30415,113.0102
2402834,-1020454,-66.30394,113.0103
2402853,-1020467,-66.30374,113.0104
2402874,-1020480,-66.30353,113.0105
2402893,-1020493,-66.30333,113.0106
2402912,-1020506,-66.30312,113.0107
2402933,-1020519,-66.30292,113.0108
2402953,-1020532,-66.30271,113.0109
2402972,-1020545,-66.30251,113.011
2402992,-1020558,-66.3023,113.0111
2403012,-1020571,-66.30209,113.0112
2403032,-1020584,-66.30189,113.0113
2403051,-1020597,-66.30168,113.0114
2403071,-1020610,-66.30148,113.0115
2403091,-1020623,-66.30127,113.0115
2403110,-1020636,-66.30107,113.0116
2403131,-1020649,-66.30086,113.0117
2403150,-1020662,-66.30066,113.0118
2403170,-1020674,-66.30045,113.0119
2403189,-1020687,-66.30025,113.012
2403210,-1020700,-66.30004,113.0121
2403230,-1020713,-66.29984,113.0122
2403249,-1020726,-66.29963,113.0123
2403268,-1020739,-66.29943,113.0124
2403289,-1020752,-66.29922,113.0125
2403308,-1020765,-66.29902,113.0125
2403328,-1020778,-66.29881,113.0126
2403347,-1020790,-66.29861,113.0127
2403367,-1020803,-66.2984,113.0128
2403387,-1020817,-66.29819,113.0129
2403407,-1020829,-66.29799,113.013
2403427,-1020842,-66.29778,113.0131
2403446,-1020855,-66.29758,113.0132
2403467,-1020868,-66.29737,113.0133
2403487,-1020880,-66.29716,113.0134
2403506,-1020893,-66.29696,113.0134
2403526,-1020906,-66.29675,113.0135
2403546,-1020919,-66.29655,113.0136
2403566,-1020932,-66.29634,113.0137
2403586,-1020945,-66.29613,113.0138
2403606,-1020957,-66.29593,113.0139
2403625,-1020970,-66.29573,113.014
2403646,-1020983,-66.29552,113.0141
2403666,-1020996,-66.29531,113.0141
2403686,-1021009,-66.2951,113.0142
2403706,-1021021,-66.2949,113.0143
2403724,-1021034,-66.2947,113.0144
2403746,-1021047,-66.29449,113.0145
2403765,-1021059,-66.29429,113.0146
2403784,-1021072,-66.29408,113.0147
2403806,-1021085,-66.29387,113.0147
2403824,-1021097,-66.29367,113.0148
2403845,-1021110,-66.29346,113.0149
2403864,-1021122,-66.29326,113.015
2403885,-1021135,-66.29305,113.0151
2403905,-1021148,-66.29284,113.0152
2403925,-1021160,-66.29264,113.0152
2403945,-1021173,-66.29243,113.0153
2403964,-1021186,-66.29223,113.0154
2403985,-1021198,-66.29202,113.0155
2404004,-1021211,-66.29182,113.0156
2404025,-1021223,-66.29161,113.0157
2404045,-1021236,-66.2914,113.0157
2404064,-1021248,-66.2912,113.0158
2404085,-1021261,-66.29099,113.0159
2404104,-1021274,-66.29079,113.016
2404125,-1021286,-66.29058,113.0161
2404146,-1021299,-66.29037,113.0162
2404164,-1021312,-66.29017,113.0162
2404184,-1021324,-66.28996,113.0163
2404204,-1021337,-66.28976,113.0164
2404225,-1021349,-66.28955,113.0165
2404245,-1021362,-66.28934,113.0166
2404264,-1021374,-66.28914,113.0166
2404285,-1021387,-66.28893,113.0167
2404305,-1021399,-66.28873,113.0168
2404324,-1021412,-66.28852,113.0169
2404344,-1021425,-66.28831,113.017
2404365,-1021437,-66.28811,113.0171
2404385,-1021449,-66.2879,113.0171
2404404,-1021462,-66.2877,113.0172
2404425,-1021475,-66.28749,113.0173
2404445,-1021487,-66.28728,113.0174
2404465,-1021500,-66.28708,113.0175
2404485,-1021512,-66.28687,113.0175
2404506,-1021525,-66.28666,113.0176
2404525,-1021537,-66.28646,113.0177
2404545,-1021550,-66.28625,113.0178
2404565,-1021562,-66.28605,113.0179
2404585,-1021575,-66.28584,113.0179
2404605,-1021587,-66.28564,113.018
2404625,-1021600,-66.28543,113.0181
2404645,-1021612,-66.28522,113.0182
2404665,-1021624,-66.28502,113.0183
2404686,-1021637,-66.28481,113.0183
2404706,-1021650,-66.28461,113.0184
2404725,-1021662,-66.2844,113.0185
2404745,-1021674,-66.28419,113.0186
2404766,-1021687,-66.28399,113.0187
2404786,-1021700,-66.28378,113.0187
2404805,-1021712,-66.28358,113.0188
2404826,-1021724,-66.28337,113.0189
2404846,-1021736,-66.28316,113.019
2404866,-1021749,-66.28295,113.0191
2404886,-1021762,-66.28275,113.0191
2404906,-1021774,-66.28255,113.0192
2404926,-1021786,-66.28234,113.0193
2404946,-1021798,-66.28214,113.0194
2404966,-1021811,-66.28192,113.0194
2404986,-1021823,-66.28172,113.0195
2405006,-1021836,-66.28152,113.0196
2405027,-1021849,-66.2813,113.0197
2405046,-1021860,-66.28111,113.0198
2405066,-1021873,-66.2809,113.0198
2405086,-1021886,-66.28069,113.0199
2405107,-1021898,-66.28049,113.02
2405127,-1021911,-66.28028,113.0201
2405147,-1021923,-66.28008,113.0202
2405167,-1021936,-66.27987,113.0202
2405187,-1021948,-66.27966,113.0203
2405206,-1021960,-66.27946,113.0204
2405226,-1021973,-66.27925,113.0205
2405247,-1021986,-66.27905,113.0206
2405267,-1021998,-66.27884,113.0206
2405287,-1022010,-66.27863,113.0207
2405307,-1022023,-66.27843,113.0208
2405327,-1022036,-66.27822,113.0209
2405348,-1022048,-66.27802,113.021
2405366,-1022061,-66.27782,113.021
2405387,-1022074,-66.2776,113.0211
2405406,-1022085,-66.2774,113.0212
2405427,-1022098,-66.27719,113.0213
2405446,-1022111,-66.27699,113.0214
2405467,-1022123,-66.27679,113.0215
2405486,-1022136,-66.27658,113.0215
2405506,-1022148,-66.27637,113.0216
2405527,-1022161,-66.27617,113.0217
2405546,-1022174,-66.27596,113.0218
2405566,-1022186,-66.27576,113.0219
2405586,-1022199,-66.27555,113.022
2405606,-1022211,-66.27534,113.022
2405627,-1022224,-66.27514,113.0221
2405646,-1022237,-66.27493,113.0222
2405667,-1022249,-66.27473,113.0223
2405686,-1022262,-66.27452,113.0224
2405706,-1022274,-66.27431,113.0224
2405726,-1022287,-66.27411,113.0225
2405746,-1022299,-66.2739,113.0226
2405767,-1022312,-66.2737,113.0227
2405787,-1022324,-66.27349,113.0228
2405806,-1022337,-66.27328,113.0229
2405827,-1022349,-66.27308,113.0229
2405846,-1022362,-66.27287,113.023
2405867,-1022374,-66.27267,113.0231
2405886,-1022386,-66.27246,113.0232
2405908,-1022400,-66.27225,113.0232
2405927,-1022411,-66.27205,113.0233
2405948,-1022424,-66.27184,113.0234
2405968,-1022436,-66.27163,113.0235
2405988,-1022449,-66.27142,113.0236
2406008,-1022461,-66.27122,113.0236
2406028,-1022474,-66.27101,113.0237
2406049,-1022487,-66.2708,113.0238
2406068,-1022499,-66.2706,113.0239
2406088,-1022511,-66.27039,113.0239
2406110,-1022524,-66.27018,113.024
2406129,-1022536,-66.26997,113.0241
2406149,-1022549,-66.26977,113.0242
2406169,-1022561,-66.26956,113.0243
2406190,-1022573,-66.26936,113.0243
2406211,-1022586,-66.26914,113.0244
2406231,-1022598,-66.26894,113.0245
2406251,-1022611,-66.26873,113.0246
2406271,-1022623,-66.26852,113.0246
2406291,-1022635,-66.26832,113.0247
2406312,-1022648,-66.26811,113.0248
2406331,-1022660,-66.26791,113.0249
2406351,-1022672,-66.2677,113.0249
2406372,-1022685,-66.26749,113.025
2406392,-1022697,-66.26728,113.0251
2406412,-1022710,-66.26707,113.0252
2406433,-1022722,-66.26687,113.0253
2406452,-1022734,-66.26666,113.0253
2406472,-1022746,-66.26646,113.0254
2406493,-1022759,-66.26625,113.0255
2406514,-1022772,-66.26604,113.0256
2406534,-1022784,-66.26583,113.0256
2406554,-1022796,-66.26562,113.0257
2406574,-1022809,-66.26542,113.0258
2406594,-1022821,-66.26521,113.0259
2406615,-1022833,-66.265,113.0259
2406635,-1022846,-66.26479,113.026
2406654,-1022858,-66.2646,113.0261
2406676,-1022871,-66.26438,113.0262
2406696,-1022883,-66.26418,113.0262
2406716,-1022896,-66.26396,113.0263
2406736,-1022908,-66.26376,113.0264
2406756,-1022920,-66.26356,113.0265
2406776,-1022933,-66.26334,113.0266
2406797,-1022945,-66.26314,113.0266
2406817,-1022957,-66.26293,113.0267
2406837,-1022970,-66.26273,113.0268
2406857,-1022982,-66.26252,113.0269
2406878,-1022995,-66.26231,113.0269
2406898,-1023006,-66.2621,113.027
2406919,-1023019,-66.26189,113.0271
2406938,-1023032,-66.26169,113.0272
2406958,-1023044,-66.26148,113.0272
2406980,-1023057,-66.26127,113.0273
2406999,-1023069,-66.26106,113.0274
2407019,-1023082,-66.26086,113.0275
2407041,-1023094,-66.26064,113.0275
2407060,-1023106,-66.26044,113.0276
2407080,-1023119,-66.26023,113.0277
2407101,-1023131,-66.26003,113.0278
2407120,-1023144,-66.25982,113.0279
2407142,-1023157,-66.25961,113.0279
2407162,-1023169,-66.2594,113.028
2407181,-1023181,-66.2592,113.0281
2407202,-1023194,-66.25899,113.0282
2407223,-1023206,-66.25878,113.0282
2407243,-1023218,-66.25857,113.0283
2407263,-1023231,-66.25836,113.0284
2407283,-1023244,-66.25816,113.0285
2407303,-1023256,-66.25795,113.0286
2407323,-1023268,-66.25774,113.0286
2407344,-1023281,-66.25753,113.0287
2407364,-1023294,-66.25732,113.0288
2407384,-1023306,-66.25712,113.0289
2407404,-1023318,-66.25691,113.0289
2407424,-1023330,-66.25671,113.029
2407446,-1023344,-66.25649,113.0291
2407465,-1023355,-66.25629,113.0292
2407486,-1023368,-66.25608,113.0293
2407507,-1023380,-66.25587,113.0293
2407526,-1023393,-66.25566,113.0294
2407547,-1023405,-66.25546,113.0295
2407567,-1023418,-66.25525,113.0296
2407586,-1023429,-66.25504,113.0296
2407608,-1023442,-66.25483,113.0297
2407628,-1023455,-66.25462,113.0298
2407648,-1023467,-66.25442,113.0299
2407669,-1023480,-66.2542,113.0299
2407689,-1023492,-66.254,113.03
2407710,-1023504,-66.25379,113.0301
2407729,-1023517,-66.25359,113.0302
2407750,-1023529,-66.25338,113.0302
2407771,-1023542,-66.25317,113.0303
2407791,-1023553,-66.25296,113.0304
2407812,-1023566,-66.25275,113.0305
2407832,-1023579,-66.25254,113.0305
2407852,-1023590,-66.25233,113.0306
2407872,-1023603,-66.25213,113.0307
2407893,-1023615,-66.25192,113.0308
2407913,-1023628,-66.25171,113.0308
2407933,-1023640,-66.2515,113.0309
2407953,-1023652,-66.2513,113.031
2407975,-1023665,-66.25108,113.031
2407995,-1023677,-66.25088,113.0311
2408014,-1023689,-66.25067,113.0312
2408035,-1023702,-66.25047,113.0313
2408055,-1023714,-66.25026,113.0313
2408076,-1023726,-66.25005,113.0314
2408096,-1023738,-66.24984,113.0315
2408117,-1023750,-66.24963,113.0316
2408138,-1023763,-66.24942,113.0316
2408158,-1023775,-66.24921,113.0317
2408178,-1023787,-66.249,113.0318
2408199,-1023800,-66.24879,113.0318
2408219,-1023812,-66.24859,113.0319
2408240,-1023824,-66.24837,113.032
2408260,-1023836,-66.24817,113.0321
2408282,-1023849,-66.24796,113.0321
2408302,-1023861,-66.24775,113.0322
2408321,-1023873,-66.24754,113.0323
2408342,-1023886,-66.24733,113.0323
2408362,-1023898,-66.24712,113.0324
2408382,-1023910,-66.24692,113.0325
2408404,-1023923,-66.2467,113.0326
2408424,-1023935,-66.2465,113.0326
2408445,-1023948,-66.24628,113.0327
2408464,-1023960,-66.24608,113.0328
2408485,-1023972,-66.24587,113.0329
2408506,-1023984,-66.24566,113.0329
2408527,-1023997,-66.24545,113.033
2408547,-1024010,-66.24524,113.0331
2408567,-1024022,-66.24503,113.0332
2408588,-1024034,-66.24483,113.0332
2408608,-1024047,-66.24461,113.0333
2408629,-1024059,-66.24441,113.0334
2408649,-1024072,-66.24419,113.0335
2408669,-1024084,-66.24399,113.0335
2408690,-1024097,-66.24378,113.0336
2408711,-1024109,-66.24357,113.0337
2408731,-1024122,-66.24336,113.0338
2408751,-1024135,-66.24315,113.0339
2408772,-1024147,-66.24294,113.0339
2408792,-1024160,-66.24273,113.034
2408813,-1024172,-66.24252,113.0341
2408833,-1024185,-66.24231,113.0342
2408854,-1024198,-66.2421,113.0342
2408874,-1024210,-66.24189,113.0343
2408895,-1024222,-66.24168,113.0344
2408915,-1024235,-66.24147,113.0345
2408936,-1024248,-66.24126,113.0346
2408956,-1024260,-66.24105,113.0346
2408977,-1024273,-66.24084,113.0347
2408997,-1024286,-66.24063,113.0348
2409018,-1024298,-66.24042,113.0349
2409038,-1024311,-66.24021,113.035
2409058,-1024324,-66.24,113.035
2409078,-1024336,-66.23979,113.0351
2409100,-1024349,-66.23958,113.0352
2409120,-1024362,-66.23936,113.0353
2409140,-1024375,-66.23916,113.0354
2409160,-1024387,-66.23895,113.0354
2409182,-1024400,-66.23874,113.0355
2409202,-1024412,-66.23853,113.0356
2409222,-1024426,-66.23832,113.0357
2409242,-1024438,-66.23811,113.0358
2409263,-1024451,-66.2379,113.0359
2409284,-1024464,-66.23769,113.0359
2409304,-1024477,-66.23748,113.036
2409324,-1024490,-66.23727,113.0361
2409345,-1024502,-66.23706,113.0362
2409365,-1024515,-66.23685,113.0363
2409385,-1024528,-66.23664,113.0364
2409405,-1024540,-66.23643,113.0364
2409425,-1024553,-66.23623,113.0365
2409446,-1024566,-66.23602,113.0366
2409465,-1024579,-66.23581,113.0367
2409486,-1024592,-66.2356,113.0368
2409507,-1024605,-66.23539,113.0369
2409526,-1024617,-66.23518,113.0369
2409547,-1024630,-66.23497,113.037
2409568,-1024644,-66.23476,113.0371
2409588,-1024656,-66.23455,113.0372
2409609,-1024669,-66.23434,113.0373
2409628,-1024682,-66.23413,113.0374
2409650,-1024695,-66.23392,113.0375
2409670,-1024708,-66.23371,113.0375
2409690,-1024721,-66.2335,113.0376
2409710,-1024734,-66.23329,113.0377
2409730,-1024747,-66.23309,113.0378
2409751,-1024760,-66.23287,113.0379
2409770,-1024773,-66.23267,113.038
2409790,-1024785,-66.23246,113.0381
2409811,-1024798,-66.23225,113.0382
2409831,-1024811,-66.23204,113.0382
2409852,-1024825,-66.23183,113.0383
2409872,-1024838,-66.23162,113.0384
2409891,-1024850,-66.23141,113.0385
2409912,-1024863,-66.2312,113.0386
2409932,-1024876,-66.231,113.0387
2409953,-1024889,-66.23078,113.0388
2409972,-1024902,-66.23058,113.0389
2409992,-1024915,-66.23037,113.0389
2410013,-1024928,-66.23016,113.039
2410034,-1024941,-66.22995,113.0391
2410054,-1024955,-66.22974,113.0392
2410074,-1024967,-66.22953,113.0393
2410093,-1024980,-66.22932,113.0394
2410114,-1024994,-66.22911,113.0395
2410134,-1025007,-66.2289,113.0396
2410154,-1025020,-66.22869,113.0397
2410174,-1025033,-66.22849,113.0398
2410194,-1025046,-66.22828,113.0398
2410215,-1025059,-66.22807,113.0399
2410235,-1025072,-66.22786,113.04
2410255,-1025085,-66.22765,113.0401
2410275,-1025098,-66.22744,113.0402
2410295,-1025111,-66.22723,113.0403
2410316,-1025124,-66.22702,113.0404
2410335,-1025137,-66.22681,113.0405
2410357,-1025150,-66.2266,113.0406
2410376,-1025163,-66.22639,113.0406
2410398,-1025176,-66.22618,113.0407
2410418,-1025189,-66.22597,113.0408
2410438,-1025202,-66.22576,113.0409
2410458,-1025215,-66.22556,113.041
2410478,-1025228,-66.22534,113.0411
2410498,-1025241,-66.22514,113.0412
2410519,-1025254,-66.22492,113.0413
2410539,-1025268,-66.22471,113.0414
2410560,-1025280,-66.2245,113.0414
2410580,-1025294,-66.22429,113.0415
2410601,-1025306,-66.22408,113.0416
2410621,-1025320,-66.22387,113.0417
2410641,-1025332,-66.22366,113.0418
2410661,-1025345,-66.22345,113.0419
2410682,-1025358,-66.22324,113.042
2410702,-1025371,-66.22303,113.0421
2410722,-1025384,-66.22282,113.0421
2410743,-1025397,-66.22261,113.0422
2410764,-1025410,-66.2224,113.0423
2410784,-1025423,-66.22218,113.0424
2410804,-1025436,-66.22198,113.0425
2410824,-1025449,-66.22177,113.0426
2410846,-1025461,-66.22156,113.0426
2410866,-1025474,-66.22134,113.0427
2410886,-1025488,-66.22113,113.0428
2410906,-1025501,-66.22092,113.0429
2410926,-1025513,-66.22072,113.043
2410947,-1025526,-66.2205,113.0431
2410968,-1025539,-66.22029,113.0432
2410988,-1025552,-66.22008,113.0432
2411008,-1025565,-66.21987,113.0433
2411028,-1025577,-66.21967,113.0434
2411049,-1025590,-66.21945,113.0435
2411070,-1025604,-66.21924,113.0436
2411090,-1025616,-66.21903,113.0437
2411112,-1025629,-66.21882,113.0437
2411130,-1025642,-66.21861,113.0438
2411152,-1025655,-66.2184,113.0439
2411172,-1025668,-66.21819,113.044
2411192,-1025680,-66.21798,113.0441
2411212,-1025694,-66.21777,113.0442
2411234,-1025706,-66.21756,113.0443
2411254,-1025720,-66.21735,113.0443
2411274,-1025732,-66.21713,113.0444
2411294,-1025745,-66.21693,113.0445
2411316,-1025758,-66.21671,113.0446
2411335,-1025770,-66.21651,113.0447
2411356,-1025784,-66.21629,113.0448
2411376,-1025797,-66.21608,113.0448
2411397,-1025809,-66.21587,113.0449
2411418,-1025823,-66.21566,113.045
2411438,-1025835,-66.21545,113.0451
2411458,-1025848,-66.21524,113.0452
2411479,-1025861,-66.21503,113.0453
2411499,-1025874,-66.21482,113.0453
2411520,-1025886,-66.21461,113.0454
2411540,-1025899,-66.2144,113.0455
2411559,-1025912,-66.2142,113.0456
2411580,-1025925,-66.21398,113.0457
2411601,-1025938,-66.21377,113.0458
2411622,-1025951,-66.21355,113.0458
2411642,-1025964,-66.21335,113.0459
2411662,-1025976,-66.21314,113.046
2411682,-1025989,-66.21293,113.0461
2411703,-1026002,-66.21272,113.0462
2411724,-1026015,-66.21251,113.0463
2411743,-1026027,-66.2123,113.0463
2411763,-1026040,-66.2121,113.0464
2411784,-1026053,-66.21188,113.0465
2411804,-1026066,-66.21168,113.0466
2411825,-1026079,-66.21146,113.0467
2411845,-1026092,-66.21126,113.0468
2411865,-1026104,-66.21104,113.0469
2411886,-1026117,-66.21084,113.0469
2411906,-1026130,-66.21062,113.047
2411926,-1026143,-66.21042,113.0471
2411946,-1026156,-66.21021,113.0472
2411966,-1026169,-66.21,113.0473
2411987,-1026182,-66.20979,113.0474
2412007,-1026194,-66.20959,113.0474
2412027,-1026207,-66.20938,113.0475
2412048,-1026220,-66.20917,113.0476
2412067,-1026233,-66.20896,113.0477
2412088,-1026246,-66.20875,113.0478
2412108,-1026259,-66.20854,113.0479
2412128,-1026272,-66.20834,113.048
2412148,-1026285,-66.20812,113.0481
2412168,-1026297,-66.20792,113.0481
2412188,-1026310,-66.20771,113.0482
2412208,-1026324,-66.2075,113.0483
2412228,-1026336,-66.2073,113.0484
2412249,-1026350,-66.20708,113.0485
2412270,-1026362,-66.20688,113.0486
2412290,-1026376,-66.20667,113.0487
2412309,-1026388,-66.20646,113.0488
2412329,-1026401,-66.20625,113.0489
2412349,-1026414,-66.20605,113.0489
2412369,-1026427,-66.20584,113.049
2412389,-1026440,-66.20564,113.0491
2412410,-1026453,-66.20542,113.0492
2412430,-1026466,-66.20522,113.0493
2412449,-1026479,-66.20501,113.0494
2412469,-1026492,-66.2048,113.0495
2412489,-1026505,-66.2046,113.0496
2412509,-1026518,-66.20438,113.0497
2412530,-1026531,-66.20418,113.0497
2412549,-1026544,-66.20397,113.0498
2412569,-1026557,-66.20377,113.0499
2412589,-1026570,-66.20356,113.05
2412610,-1026583,-66.20335,113.0501
2412630,-1026596,-66.20314,113.0502
2412650,-1026609,-66.20293,113.0503
2412669,-1026622,-66.20273,113.0504
2412689,-1026635,-66.20252,113.0505
2412710,-1026648,-66.20231,113.0506
2412729,-1026661,-66.20211,113.0507
2412750,-1026674,-66.2019,113.0507
2412770,-1026687,-66.20169,113.0508
2412790,-1026700,-66.20148,113.0509
2412810,-1026713,-66.20127,113.051
2412830,-1026726,-66.20107,113.0511
2412849,-1026738,-66.20087,113.0512
2412869,-1026752,-66.20065,113.0513
2412890,-1026765,-66.20045,113.0514
2412910,-1026778,-66.20023,113.0515
2412930,-1026791,-66.20003,113.0515
2412950,-1026804,-66.19982,113.0516
2412970,-1026817,-66.19962,113.0517
2412990,-1026830,-66.19941,113.0518
2413010,-1026843,-66.1992,113.0519
2413030,-1026856,-66.19899,113.052
2413050,-1026869,-66.19878,113.0521
2413070,-1026882,-66.19858,113.0522
2413090,-1026894,-66.19837,113.0523
2413110,-1026908,-66.19816,113.0524
2413131,-1026921,-66.19795,113.0524
2413150,-1026933,-66.19775,113.0525
2413171,-1026946,-66.19753,113.0526
2413191,-1026959,-66.19733,113.0527
2413212,-1026972,-66.19711,113.0528
2413231,-1026985,-66.19691,113.0529
2413251,-1026998,-66.1967,113.053
2413272,-1027012,-66.19649,113.0531
2413292,-1027024,-66.19628,113.0531
2413312,-1027037,-66.19608,113.0532
2413332,-1027050,-66.19586,113.0533
2413352,-1027063,-66.19566,113.0534
2413372,-1027076,-66.19544,113.0535
2413393,-1027089,-66.19524,113.0536
2413413,-1027102,-66.19503,113.0537
2413433,-1027116,-66.19482,113.0538
2413454,-1027128,-66.19461,113.0538
2413474,-1027141,-66.1944,113.0539
2413494,-1027154,-66.19419,113.054
2413514,-1027167,-66.19398,113.0541
2413534,-1027180,-66.19377,113.0542
2413554,-1027194,-66.19357,113.0543
2413575,-1027207,-66.19335,113.0544
2413594,-1027220,-66.19315,113.0545
2413614,-1027232,-66.19294,113.0546
2413636,-1027246,-66.19273,113.0547
2413655,-1027259,-66.19252,113.0548
2413674,-1027271,-66.19231,113.0548
2413696,-1027285,-66.1921,113.0549
2413716,-1027298,-66.19189,113.055
2413736,-1027312,-66.19168,113.0551
2413756,-1027324,-66.19147,113.0552
2413776,-1027337,-66.19127,113.0553
2413796,-1027350,-66.19106,113.0554
2413816,-1027364,-66.19085,113.0555
2413837,-1027376,-66.19064,113.0556
2413856,-1027389,-66.19043,113.0556
2413878,-1027402,-66.19022,113.0557
2413897,-1027416,-66.19001,113.0558
2413919,-1027429,-66.1898,113.0559
2413938,-1027442,-66.18959,113.056
2413959,-1027455,-66.18938,113.0561
2413978,-1027467,-66.18917,113.0562
2414000,-1027481,-66.18896,113.0563
2414019,-1027493,-66.18875,113.0564
2414040,-1027507,-66.18854,113.0564
2414060,-1027520,-66.18833,113.0565
2414080,-1027532,-66.18813,113.0566
2414100,-1027546,-66.18791,113.0567
2414120,-1027558,-66.18771,113.0568
2414140,-1027572,-66.1875,113.0569
2414161,-1027585,-66.18729,113.057
2414180,-1027598,-66.18708,113.0571
2414201,-1027611,-66.18687,113.0572
2414222,-1027624,-66.18665,113.0572
2414242,-1027636,-66.18645,113.0573
2414263,-1027650,-66.18623,113.0574
2414282,-1027663,-66.18603,113.0575
2414304,-1027676,-66.18581,113.0576
2414322,-1027689,-66.18561,113.0577
2414343,-1027702,-66.1854,113.0578
2414364,-1027715,-66.18519,113.0579
2414384,-1027728,-66.18498,113.0579
2414405,-1027741,-66.18477,113.058
2414424,-1027754,-66.18456,113.0581
2414445,-1027767,-66.18435,113.0582
2414465,-1027780,-66.18414,113.0583
2414486,-1027793,-66.18393,113.0584
2414506,-1027806,-66.18372,113.0585
2414526,-1027819,-66.18351,113.0586
2414546,-1027832,-66.1833,113.0586
2414567,-1027845,-66.18309,113.0587
2414586,-1027858,-66.18288,113.0588
2414606,-1027871,-66.18268,113.0589
2414627,-1027884,-66.18246,113.059
2414647,-1027896,-66.18226,113.0591
2414668,-1027910,-66.18204,113.0592
2414688,-1027922,-66.18184,113.0592
2414709,-1027936,-66.18163,113.0593
2414729,-1027948,-66.18142,113.0594
2414749,-1027961,-66.18121,113.0595
2414770,-1027974,-66.18099,113.0596
2414790,-1027987,-66.18079,113.0597
2414810,-1027999,-66.18058,113.0598
2414830,-1028013,-66.18037,113.0598
2414850,-1028025,-66.18016,113.0599
2414872,-1028039,-66.17995,113.06
2414892,-1028052,-66.17974,113.0601
2414912,-1028064,-66.17953,113.0602
2414932,-1028077,-66.17932,113.0603
2414952,-1028090,-66.17912,113.0603
2414972,-1028102,-66.17891,113.0604
2414993,-1028114,-66.1787,113.0605
2415013,-1028127,-66.17849,113.0606
2415034,-1028140,-66.17828,113.0607
2415055,-1028153,-66.17806,113.0607
2415075,-1028165,-66.17786,113.0608
2415095,-1028178,-66.17765,113.0609
2415116,-1028191,-66.17744,113.061
2415136,-1028203,-66.17723,113.0611
2415156,-1028216,-66.17702,113.0611
2415176,-1028229,-66.17681,113.0612
2415196,-1028241,-66.17661,113.0613
2415217,-1028254,-66.1764,113.0614
2415237,-1028267,-66.17619,113.0615
2415258,-1028280,-66.17598,113.0616
2415277,-1028292,-66.17577,113.0616
2415298,-1028305,-66.17556,113.0617
2415318,-1028317,-66.17535,113.0618
2415339,-1028330,-66.17514,113.0619
2415360,-1028343,-66.17493,113.062
2415379,-1028355,-66.17473,113.062
2415400,-1028368,-66.17451,113.0621
2415420,-1028381,-66.17431,113.0622
2415440,-1028393,-66.1741,113.0623
2415461,-1028406,-66.17389,113.0623
2415480,-1028418,-66.17368,113.0624
2415501,-1028431,-66.17348,113.0625
2415521,-1028443,-66.17327,113.0626
2415541,-1028456,-66.17307,113.0627
2415562,-1028469,-66.17285,113.0628
2415582,-1028482,-66.17265,113.0628
2415603,-1028494,-66.17243,113.0629
2415623,-1028507,-66.17223,113.063
2415643,-1028519,-66.17202,113.0631
2415662,-1028532,-66.17181,113.0632
2415684,-1028544,-66.17161,113.0632
2415704,-1028557,-66.17139,113.0633
2415724,-1028570,-66.17119,113.0634
2415744,-1028583,-66.17098,113.0635
2415764,-1028595,-66.17078,113.0636
2415784,-1028608,-66.17057,113.0636
2415804,-1028620,-66.17036,113.0637
2415825,-1028633,-66.17015,113.0638
2415844,-1028646,-66.16994,113.0639
2415864,-1028659,-66.16974,113.064
2415884,-1028671,-66.16953,113.064
2415904,-1028683,-66.16933,113.0641
2415924,-1028696,-66.16911,113.0642
2415946,-1028709,-66.16891,113.0643
2415966,-1028722,-66.16869,113.0644
2415985,-1028735,-66.1685,113.0645
2416005,-1028747,-66.16829,113.0645
2416026,-1028760,-66.16808,113.0646
2416046,-1028772,-66.16787,113.0647
2416067,-1028786,-66.16766,113.0648
2416087,-1028798,-66.16745,113.0649
2416106,-1028810,-66.16725,113.0649
2416128,-1028823,-66.16704,113.065
2416147,-1028836,-66.16683,113.0651
2416168,-1028849,-66.16662,113.0652
2416188,-1028861,-66.16641,113.0653
2416208,-1028874,-66.16621,113.0654
2416228,-1028886,-66.166,113.0654
2416248,-1028899,-66.16579,113.0655
2416268,-1028912,-66.16559,113.0656
2416288,-1028925,-66.16537,113.0657
2416308,-1028937,-66.16517,113.0658
2416329,-1028950,-66.16496,113.0658
2416350,-1028962,-66.16475,113.0659
2416369,-1028975,-66.16455,113.066
2416390,-1028988,-66.16434,113.0661
2416410,-1029000,-66.16413,113.0662
2416430,-1029013,-66.16392,113.0663
2416450,-1029025,-66.16371,113.0663
2416471,-1029038,-66.16351,113.0664
2416491,-1029051,-66.16329,113.0665
2416511,-1029063,-66.16309,113.0666
2416531,-1029076,-66.16288,113.0667
2416551,-1029088,-66.16267,113.0667
2416571,-1029101,-66.16247,113.0668
2416592,-1029114,-66.16225,113.0669
2416612,-1029127,-66.16205,113.067
2416633,-1029139,-66.16183,113.0671
2416653,-1029152,-66.16163,113.0671
2416674,-1029164,-66.16142,113.0672
2416694,-1029177,-66.16121,113.0673
2416714,-1029190,-66.161,113.0674
2416734,-1029202,-66.1608,113.0675
2416754,-1029215,-66.16059,113.0675
2416774,-1029226,-66.16039,113.0676
2416795,-1029240,-66.16017,113.0677
2416815,-1029252,-66.15997,113.0678
2416835,-1029265,-66.15976,113.0678
2416856,-1029278,-66.15955,113.0679
2416876,-1029290,-66.15934,113.068
2416896,-1029303,-66.15913,113.0681
2416917,-1029316,-66.15892,113.0682
2416937,-1029328,-66.15871,113.0682
2416957,-1029340,-66.15851,113.0683
2416977,-1029353,-66.1583,113.0684
2416998,-1029366,-66.15809,113.0685
2417018,-1029379,-66.15788,113.0686
2417038,-1029391,-66.15768,113.0686
2417059,-1029403,-66.15746,113.0687
2417079,-1029415,-66.15726,113.0688
2417100,-1029429,-66.15704,113.0689
2417120,-1029441,-66.15684,113.0689
2417140,-1029454,-66.15663,113.069
2417160,-1029466,-66.15643,113.0691
2417180,-1029478,-66.15622,113.0692
2417200,-1029490,-66.15601,113.0693
2417222,-1029503,-66.1558,113.0693
2417242,-1029516,-66.15559,113.0694
2417262,-1029528,-66.15538,113.0695
2417282,-1029540,-66.15517,113.0696
2417303,-1029553,-66.15497,113.0696
2417323,-1029566,-66.15475,113.0697
2417344,-1029578,-66.15455,113.0698
2417364,-1029591,-66.15434,113.0699
2417384,-1029603,-66.15413,113.0699
2417405,-1029616,-66.15392,113.07
2417425,-1029628,-66.15372,113.0701
2417445,-1029640,-66.15351,113.0702
2417466,-1029653,-66.1533,113.0702
2417486,-1029665,-66.15309,113.0703
2417506,-1029677,-66.15289,113.0704
2417527,-1029690,-66.15267,113.0705
2417547,-1029703,-66.15247,113.0705
2417567,-1029715,-66.15226,113.0706
2417588,-1029728,-66.15205,113.0707
2417608,-1029740,-66.15184,113.0708
2417629,-1029752,-66.15163,113.0708
2417650,-1029764,-66.15142,113.0709
2417670,-1029777,-66.15121,113.071
2417690,-1029789,-66.151,113.0711
2417711,-1029801,-66.15079,113.0711
2417732,-1029814,-66.15058,113.0712
2417752,-1029826,-66.15038,113.0713
2417772,-1029838,-66.15017,113.0714
2417794,-1029851,-66.14996,113.0714
2417814,-1029863,-66.14975,113.0715
2417834,-1029876,-66.14954,113.0716
2417854,-1029889,-66.14933,113.0716
2417874,-1029900,-66.14912,113.0717
2417896,-1029913,-66.14891,113.0718
2417916,-1029925,-66.1487,113.0719
2417936,-1029938,-66.14849,113.0719
2417956,-1029950,-66.14828,113.072
2417977,-1029962,-66.14808,113.0721
2417998,-1029975,-66.14787,113.0722
2418017,-1029987,-66.14766,113.0722
2418038,-1030000,-66.14745,113.0723
2418058,-1030012,-66.14725,113.0724
2418078,-1030024,-66.14704,113.0725
2418100,-1030037,-66.14683,113.0725
2418120,-1030050,-66.14662,113.0726
2418139,-1030061,-66.14642,113.0727
2418160,-1030074,-66.1462,113.0728
2418180,-1030087,-66.146,113.0728
2418202,-1030100,-66.14578,113.0729
2418221,-1030112,-66.14558,113.073
2418242,-1030124,-66.14537,113.0731
2418262,-1030137,-66.14516,113.0731
2418282,-1030149,-66.14495,113.0732
2418303,-1030161,-66.14474,113.0733
2418323,-1030173,-66.14453,113.0734
2418344,-1030186,-66.14433,113.0734
2418364,-1030199,-66.14412,113.0735
2418384,-1030211,-66.14391,113.0736
2418405,-1030224,-66.1437,113.0737
2418425,-1030236,-66.14349,113.0738
2418444,-1030248,-66.14329,113.0738
2418466,-1030261,-66.14307,113.0739
2418486,-1030274,-66.14287,113.074
2418506,-1030286,-66.14266,113.0741
2418526,-1030300,-66.14245,113.0741
2418547,-1030311,-66.14224,113.0742
2418568,-1030324,-66.14203,113.0743
2418588,-1030337,-66.14182,113.0744
2418608,-1030349,-66.14162,113.0744
2418628,-1030362,-66.1414,113.0745
2418649,-1030374,-66.1412,113.0746
2418669,-1030387,-66.14098,113.0747
2418690,-1030400,-66.14078,113.0748
2418710,-1030413,-66.14057,113.0749
2418731,-1030425,-66.14036,113.0749
2418751,-1030438,-66.14015,113.075
2418771,-1030451,-66.13994,113.0751
2418791,-1030463,-66.13973,113.0752
2418812,-1030476,-66.13953,113.0752
2418832,-1030489,-66.13931,113.0753
2418852,-1030502,-66.13911,113.0754
2418872,-1030514,-66.1389,113.0755
2418894,-1030527,-66.13869,113.0756
2418913,-1030539,-66.13848,113.0757
2418934,-1030553,-66.13827,113.0757
2418954,-1030565,-66.13806,113.0758
2418974,-1030578,-66.13786,113.0759
2418994,-1030591,-66.13764,113.076
2419014,-1030603,-66.13744,113.0761
2419036,-1030617,-66.13722,113.0762
2419056,-1030629,-66.13702,113.0762
2419076,-1030642,-66.1368,113.0763
2419097,-1030656,-66.13659,113.0764
2419117,-1030668,-66.13638,113.0765
2419138,-1030681,-66.13617,113.0766
2419157,-1030694,-66.13596,113.0767
2419177,-1030707,-66.13576,113.0768
2419198,-1030720,-66.13554,113.0768
2419218,-1030732,-66.13534,113.0769
2419239,-1030745,-66.13512,113.077
2419260,-1030758,-66.13491,113.0771
2419280,-1030771,-66.1347,113.0772
2419300,-1030784,-66.13449,113.0773
2419320,-1030797,-66.13428,113.0773
2419340,-1030810,-66.13408,113.0774
2419361,-1030823,-66.13387,113.0775
2419382,-1030836,-66.13365,113.0776
2419402,-1030850,-66.13344,113.0777
2419422,-1030862,-66.13323,113.0778
2419442,-1030875,-66.13303,113.0779
2419462,-1030888,-66.13281,113.0779
2419483,-1030901,-66.13261,113.078
2419504,-1030914,-66.13239,113.0781
2419524,-1030927,-66.13218,113.0782
2419544,-1030939,-66.13197,113.0783
2419566,-1030953,-66.13176,113.0784
2419584,-1030965,-66.13155,113.0785
2419606,-1030978,-66.13134,113.0785
2419626,-1030991,-66.13113,113.0786
2419647,-1031004,-66.13092,113.0787
2419668,-1031017,-66.13071,113.0788
2419687,-1031030,-66.1305,113.0789
2419708,-1031043,-66.13029,113.079
2419728,-1031056,-66.13007,113.079
2419748,-1031068,-66.12987,113.0791
2419769,-1031081,-66.12965,113.0792
2419790,-1031094,-66.12945,113.0793
2419810,-1031107,-66.12923,113.0794
2419831,-1031120,-66.12902,113.0795
2419851,-1031133,-66.12881,113.0795
2419872,-1031146,-66.1286,113.0796
2419892,-1031158,-66.12839,113.0797
2419913,-1031172,-66.12818,113.0798
2419934,-1031184,-66.12797,113.0799
2419954,-1031197,-66.12775,113.08
2419975,-1031211,-66.12754,113.08
2419994,-1031223,-66.12733,113.0801
2420014,-1031235,-66.12713,113.0802
2420036,-1031249,-66.12691,113.0803
2420056,-1031262,-66.1267,113.0804
2420076,-1031275,-66.12649,113.0805
2420097,-1031287,-66.12628,113.0805
2420118,-1031300,-66.12607,113.0806
2420139,-1031313,-66.12585,113.0807
2420158,-1031326,-66.12565,113.0808
2420179,-1031338,-66.12543,113.0809
2420200,-1031351,-66.12522,113.0809
2420221,-1031364,-66.12501,113.081
2420241,-1031377,-66.12479,113.0811
2420262,-1031390,-66.12459,113.0812
2420282,-1031403,-66.12438,113.0813
2420303,-1031416,-66.12416,113.0814
2420323,-1031428,-66.12395,113.0814
2420344,-1031442,-66.12374,113.0815
2420365,-1031455,-66.12353,113.0816
2420385,-1031467,-66.12332,113.0817
2420406,-1031480,-66.12311,113.0818
2420426,-1031494,-66.1229,113.0819
2420447,-1031506,-66.12268,113.0819
2420467,-1031519,-66.12247,113.082
2420487,-1031532,-66.12227,113.0821
2420509,-1031546,-66.12205,113.0822
2420529,-1031558,-66.12184,113.0823
2420550,-1031571,-66.12163,113.0824
2420570,-1031584,-66.12141,113.0824
2420590,-1031597,-66.12121,113.0825
2420610,-1031609,-66.12099,113.0826
2420631,-1031623,-66.12079,113.0827
2420652,-1031636,-66.12057,113.0828
2420673,-1031649,-66.12036,113.0829
2420692,-1031661,-66.12016,113.0829
2420713,-1031675,-66.11994,113.083
2420734,-1031687,-66.11973,113.0831
2420754,-1031700,-66.11952,113.0832
2420774,-1031713,-66.11931,113.0833
2420795,-1031726,-66.11909,113.0834
2420816,-1031739,-66.11888,113.0834
2420836,-1031752,-66.11868,113.0835
2420858,-1031764,-66.11846,113.0836
2420878,-1031778,-66.11825,113.0837
2420898,-1031790,-66.11804,113.0838
2420918,-1031803,-66.11783,113.0839
2420939,-1031816,-66.11761,113.0839
2420960,-1031829,-66.11741,113.084
2420980,-1031842,-66.1172,113.0841
2421000,-1031855,-66.11699,113.0842
2421021,-1031868,-66.11677,113.0843
2421042,-1031881,-66.11656,113.0844
2421062,-1031894,-66.11636,113.0844
2421082,-1031906,-66.11614,113.0845
2421103,-1031919,-66.11593,113.0846
2421123,-1031932,-66.11572,113.0847
2421144,-1031945,-66.11551,113.0848
2421164,-1031958,-66.1153,113.0849
2421186,-1031972,-66.11508,113.0849
2421207,-1031984,-66.11487,113.085
2421226,-1031997,-66.11466,113.0851
2421246,-1032010,-66.11445,113.0852
2421268,-1032023,-66.11423,113.0853
2421289,-1032036,-66.11402,113.0854
2421308,-1032048,-66.11382,113.0854
2421329,-1032062,-66.1136,113.0855
2421350,-1032075,-66.11339,113.0856
2421370,-1032088,-66.11317,113.0857
2421392,-1032101,-66.11296,113.0858
2421412,-1032114,-66.11275,113.0859
2421432,-1032127,-66.11254,113.086
2421453,-1032140,-66.11233,113.086
2421474,-1032153,-66.11211,113.0861
2421494,-1032165,-66.1119,113.0862
2421516,-1032179,-66.11169,113.0863
2421535,-1032191,-66.11148,113.0864
2421557,-1032204,-66.11126,113.0864
2421576,-1032217,-66.11105,113.0865
2421597,-1032231,-66.11084,113.0866
2421618,-1032243,-66.11063,113.0867
2421639,-1032256,-66.11041,113.0868
2421660,-1032269,-66.1102,113.0869
2421680,-1032282,-66.10999,113.0869
2421702,-1032295,-66.10977,113.087
2421722,-1032308,-66.10956,113.0871
2421742,-1032321,-66.10934,113.0872
2421764,-1032334,-66.10913,113.0873
2421785,-1032347,-66.10892,113.0873
2421804,-1032359,-66.10871,113.0874
2421827,-1032373,-66.10849,113.0875
2421846,-1032385,-66.10828,113.0876
2421868,-1032398,-66.10806,113.0877
2421888,-1032411,-66.10786,113.0878
2421908,-1032424,-66.10764,113.0878
2421930,-1032437,-66.10743,113.0879
2421950,-1032449,-66.10722,113.088
2421971,-1032462,-66.107,113.0881
2421992,-1032475,-66.10679,113.0882
2422013,-1032488,-66.10658,113.0882
2422034,-1032501,-66.10636,113.0883
2422054,-1032513,-66.10615,113.0884
2422076,-1032527,-66.10593,113.0885
2422096,-1032539,-66.10572,113.0885
2422117,-1032552,-66.10551,113.0886
2422138,-1032565,-66.10529,113.0887
2422159,-1032578,-66.10508,113.0888
2422180,-1032590,-66.10487,113.0889
2422200,-1032603,-66.10465,113.0889
2422222,-1032616,-66.10444,113.089
2422243,-1032628,-66.10423,113.0891
2422264,-1032641,-66.10401,113.0892
2422284,-1032654,-66.1038,113.0892
2422305,-1032667,-66.10358,113.0893
2422326,-1032680,-66.10337,113.0894
2422347,-1032692,-66.10316,113.0895
2422368,-1032705,-66.10294,113.0895
2422389,-1032718,-66.10273,113.0896
2422410,-1032730,-66.10252,113.0897
2422430,-1032743,-66.1023,113.0898
2422452,-1032756,-66.10209,113.0899
2422472,-1032769,-66.10188,113.0899
2422493,-1032781,-66.10166,113.09
2422514,-1032794,-66.10145,113.0901
2422535,-1032807,-66.10123,113.0902
2422556,-1032820,-66.10102,113.0902
2422576,-1032833,-66.10081,113.0903
2422598,-1032845,-66.10059,113.0904
2422618,-1032858,-66.10038,113.0905
2422640,-1032871,-66.10017,113.0905
2422661,-1032884,-66.09995,113.0906
2422681,-1032897,-66.09974,113.0907
2422702,-1032909,-66.09953,113.0908
2422722,-1032922,-66.09931,113.0909
2422743,-1032935,-66.0991,113.0909
2422764,-1032948,-66.09888,113.091
2422785,-1032960,-66.09867,113.0911
2422806,-1032973,-66.09846,113.0912
2422826,-1032986,-66.09825,113.0913
2422848,-1032999,-66.09803,113.0913
2422868,-1033012,-66.09782,113.0914
2422889,-1033025,-66.0976,113.0915
2422910,-1033038,-66.09739,113.0916
2422930,-1033051,-66.09718,113.0917
2422952,-1033064,-66.09696,113.0918
2422972,-1033077,-66.09676,113.0918
2422994,-1033090,-66.09653,113.0919
2423014,-1033103,-66.09633,113.092
2423034,-1033116,-66.09612,113.0921
2423055,-1033129,-66.0959,113.0922
2423076,-1033142,-66.09569,113.0922
2423096,-1033155,-66.09547,113.0923
2423118,-1033168,-66.09526,113.0924
2423138,-1033181,-66.09505,113.0925
2423158,-1033194,-66.09483,113.0926
2423179,-1033207,-66.09462,113.0927
2423200,-1033220,-66.09441,113.0928
2423220,-1033233,-66.09419,113.0928
2423241,-1033246,-66.09399,113.0929
2423262,-1033260,-66.09377,113.093
2423282,-1033273,-66.09356,113.0931
2423303,-1033286,-66.09335,113.0932
2423323,-1033299,-66.09313,113.0933
2423344,-1033312,-66.09292,113.0934
2423365,-1033326,-66.0927,113.0935
2423385,-1033339,-66.09249,113.0935
2423406,-1033351,-66.09229,113.0936
2423426,-1033365,-66.09206,113.0937
2423447,-1033378,-66.09186,113.0938
2423468,-1033392,-66.09164,113.0939
2423488,-1033404,-66.09143,113.094
2423508,-1033417,-66.09122,113.0941
2423530,-1033431,-66.091,113.0942
2423550,-1033444,-66.09079,113.0942
2423571,-1033457,-66.09058,113.0943
2423592,-1033470,-66.09036,113.0944
2423611,-1033484,-66.09016,113.0945
2423632,-1033497,-66.08994,113.0946
2423652,-1033510,-66.08973,113.0947
2423673,-1033523,-66.08952,113.0948
2423694,-1033536,-66.0893,113.0949
2423714,-1033549,-66.0891,113.0949
2423735,-1033563,-66.08887,113.095
2423756,-1033575,-66.08867,113.0951
2423776,-1033589,-66.08846,113.0952
2423797,-1033602,-66.08824,113.0953
2423818,-1033615,-66.08803,113.0954
2423838,-1033628,-66.08781,113.0955
2423859,-1033641,-66.0876,113.0956
2423879,-1033654,-66.08739,113.0956
2423901,-1033667,-66.08717,113.0957
2423920,-1033680,-66.08697,113.0958
2423942,-1033694,-66.08675,113.0959
2423962,-1033707,-66.08654,113.096
2423982,-1033720,-66.08633,113.0961
2424004,-1033733,-66.08611,113.0962
2424024,-1033746,-66.0859,113.0962
2424045,-1033759,-66.08569,113.0963
2424065,-1033772,-66.08547,113.0964
2424085,-1033784,-66.08527,113.0965
2424107,-1033798,-66.08504,113.0966
2424127,-1033811,-66.08484,113.0967
2424147,-1033824,-66.08463,113.0967
2424168,-1033837,-66.08441,113.0968
2424189,-1033850,-66.0842,113.0969
2424210,-1033863,-66.08398,113.097
2424230,-1033876,-66.08378,113.0971
2424251,-1033889,-66.08356,113.0972
2424272,-1033902,-66.08335,113.0973
2424292,-1033915,-66.08314,113.0973
2424313,-1033928,-66.08292,113.0974
2424334,-1033941,-66.08271,113.0975
2424354,-1033954,-66.0825,113.0976
2424374,-1033967,-66.08229,113.0977
2424396,-1033980,-66.08208,113.0978
2424416,-1033993,-66.08186,113.0978
2424436,-1034006,-66.08165,113.0979
2424456,-1034018,-66.08144,113.098
2424478,-1034032,-66.08122,113.0981
2424498,-1034045,-66.08102,113.0982
2424519,-1034058,-66.0808,113.0983
2424539,-1034071,-66.08059,113.0983
2424560,-1034084,-66.08038,113.0984
2424581,-1034097,-66.08016,113.0985
2424601,-1034109,-66.07996,113.0986
2424621,-1034122,-66.07975,113.0987
2424643,-1034136,-66.07953,113.0988
2424663,-1034148,-66.07932,113.0988
2424683,-1034162,-66.07911,113.0989
2424704,-1034174,-66.0789,113.099
2424724,-1034187,-66.07869,113.0991
2424746,-1034201,-66.07847,113.0992
2424766,-1034213,-66.07826,113.0993
2424786,-1034226,-66.07805,113.0993
2424807,-1034239,-66.07784,113.0994
2424827,-1034252,-66.07763,113.0995
2424848,-1034266,-66.07741,113.0996
2424868,-1034278,-66.0772,113.0997
2424890,-1034292,-66.07699,113.0998
2424910,-1034304,-66.07677,113.0999
2424930,-1034317,-66.07657,113.0999
2424951,-1034330,-66.07635,113.1
2424972,-1034343,-66.07614,113.1001
2424992,-1034356,-66.07593,113.1002
2425013,-1034369,-66.07571,113.1003
2425033,-1034382,-66.07551,113.1003
2425054,-1034395,-66.07529,113.1004
2425075,-1034408,-66.07508,113.1005
2425095,-1034420,-66.07487,113.1006
2425116,-1034434,-66.07465,113.1007
2425136,-1034446,-66.07445,113.1008
2425157,-1034460,-66.07423,113.1009
2425178,-1034473,-66.07402,113.1009
2425198,-1034485,-66.07381,113.101
2425218,-1034498,-66.0736,113.1011
2425239,-1034511,-66.07339,113.1012
2425260,-1034524,-66.07317,113.1013
2425281,-1034537,-66.07296,113.1013
2425300,-1034550,-66.07275,113.1014
2425321,-1034563,-66.07254,113.1015
2425342,-1034576,-66.07233,113.1016
2425363,-1034588,-66.07211,113.1017
2425384,-1034601,-66.07191,113.1018
2425404,-1034615,-66.07169,113.1018
2425425,-1034627,-66.07148,113.1019
2425446,-1034640,-66.07127,113.102
2425465,-1034653,-66.07106,113.1021
2425486,-1034666,-66.07085,113.1022
2425507,-1034679,-66.07063,113.1022
2425528,-1034692,-66.07042,113.1023
2425548,-1034704,-66.07021,113.1024
2425568,-1034717,-66.07,113.1025
2425590,-1034730,-66.06979,113.1026
2425610,-1034743,-66.06957,113.1027
2425631,-1034756,-66.06936,113.1027
2425652,-1034769,-66.06915,113.1028
2425672,-1034782,-66.06894,113.1029
2425692,-1034795,-66.06873,113.103
2425714,-1034808,-66.06851,113.1031
2425734,-1034821,-66.0683,113.1031
2425754,-1034833,-66.06809,113.1032
2425775,-1034846,-66.06788,113.1033
2425796,-1034859,-66.06767,113.1034
2425817,-1034872,-66.06745,113.1035
2425837,-1034884,-66.06724,113.1035
2425858,-1034897,-66.06703,113.1036
2425879,-1034910,-66.06682,113.1037
2425899,-1034922,-66.0666,113.1038
2425920,-1034936,-66.06639,113.1039
2425940,-1034948,-66.06618,113.1039
2425962,-1034961,-66.06597,113.104
2425982,-1034974,-66.06576,113.1041
2426003,-1034987,-66.06554,113.1042
2426024,-1034999,-66.06533,113.1042
2426043,-1035012,-66.06512,113.1043
2426066,-1035025,-66.0649,113.1044
2426085,-1035038,-66.0647,113.1045
2426106,-1035051,-66.06448,113.1046
2426127,-1035063,-66.06427,113.1047
2426147,-1035076,-66.06406,113.1047
2426168,-1035089,-66.06384,113.1048
2426189,-1035102,-66.06364,113.1049
2426210,-1035115,-66.06342,113.105
2426230,-1035128,-66.06321,113.105
2426250,-1035140,-66.063,113.1051
2426272,-1035153,-66.06278,113.1052
2426292,-1035166,-66.06258,113.1053
2426313,-1035179,-66.06236,113.1054
2426334,-1035192,-66.06215,113.1054
2426354,-1035204,-66.06194,113.1055
2426374,-1035217,-66.06173,113.1056
2426396,-1035230,-66.06152,113.1057
2426416,-1035243,-66.06131,113.1058
2426437,-1035256,-66.0611,113.1059
2426457,-1035268,-66.06088,113.1059
2426478,-1035281,-66.06067,113.106
2426498,-1035294,-66.06046,113.1061
2426518,-1035307,-66.06025,113.1062
2426540,-1035320,-66.06004,113.1062
2426560,-1035333,-66.05982,113.1063
2426581,-1035345,-66.05961,113.1064
2426601,-1035358,-66.0594,113.1065
2426622,-1035370,-66.05919,113.1066
2426643,-1035384,-66.05898,113.1067
2426663,-1035397,-66.05877,113.1067
2426684,-1035409,-66.05856,113.1068
2426705,-1035422,-66.05834,113.1069
2426724,-1035435,-66.05814,113.107
2426745,-1035448,-66.05792,113.1071
2426766,-1035461,-66.05771,113.1071
2426786,-1035474,-66.0575,113.1072
2426808,-1035487,-66.05728,113.1073
2426828,-1035499,-66.05708,113.1074
2426848,-1035513,-66.05686,113.1075
2426869,-1035526,-66.05665,113.1076
2426890,-1035538,-66.05644,113.1076
2426910,-1035552,-66.05623,113.1077
2426930,-1035565,-66.05602,113.1078
2426952,-1035577,-66.0558,113.1079
2426972,-1035590,-66.0556,113.108
2426992,-1035603,-66.05538,113.1081
2427013,-1035616,-66.05517,113.1081
2427034,-1035629,-66.05496,113.1082
2427054,-1035642,-66.05474,113.1083
2427074,-1035655,-66.05453,113.1084
2427095,-1035668,-66.05432,113.1085
2427116,-1035681,-66.05411,113.1086
2427136,-1035694,-66.0539,113.1086
2427157,-1035707,-66.05369,113.1087
2427177,-1035720,-66.05347,113.1088
2427197,-1035733,-66.05327,113.1089
2427219,-1035746,-66.05305,113.109
2427239,-1035759,-66.05284,113.1091
2427259,-1035772,-66.05264,113.1091
2427280,-1035785,-66.05241,113.1092
2427301,-1035798,-66.05221,113.1093
2427321,-1035811,-66.05199,113.1094
2427342,-1035824,-66.05178,113.1095
2427362,-1035836,-66.05157,113.1096
2427383,-1035850,-66.05136,113.1096
2427403,-1035862,-66.05115,113.1097
2427424,-1035875,-66.05093,113.1098
2427444,-1035888,-66.05073,113.1099
2427464,-1035901,-66.05051,113.11
2427486,-1035914,-66.0503,113.1101
2427506,-1035927,-66.05009,113.1101
2427527,-1035940,-66.04987,113.1102
2427547,-1035953,-66.04967,113.1103
2427568,-1035965,-66.04945,113.1104
2427589,-1035979,-66.04924,113.1105
2427610,-1035992,-66.04903,113.1105
2427631,-1036005,-66.04881,113.1106
2427650,-1036018,-66.04861,113.1107
2427671,-1036030,-66.04839,113.1108
2427692,-1036043,-66.04818,113.1109
2427712,-1036056,-66.04797,113.111
2427733,-1036069,-66.04776,113.111
2427754,-1036081,-66.04755,113.1111
2427774,-1036095,-66.04733,113.1112
2427794,-1036108,-66.04712,113.1113
2427815,-1036120,-66.04691,113.1114
2427836,-1036133,-66.0467,113.1115
2427857,-1036147,-66.04649,113.1115
2427878,-1036159,-66.04627,113.1116
2427898,-1036173,-66.04606,113.1117
2427918,-1036186,-66.04585,113.1118
2427939,-1036198,-66.04564,113.1119
2427960,-1036212,-66.04543,113.112
2427980,-1036225,-66.04521,113.112
2428001,-1036238,-66.045,113.1121
2428021,-1036250,-66.04479,113.1122
2428041,-1036263,-66.04458,113.1123
2428062,-1036277,-66.04436,113.1124
2428083,-1036290,-66.04415,113.1125
2428102,-1036303,-66.04395,113.1126
2428124,-1036316,-66.04372,113.1126
2428144,-1036329,-66.04352,113.1127
2428165,-1036342,-66.0433,113.1128
2428186,-1036356,-66.04309,113.1129
2428206,-1036369,-66.04288,113.113
2428227,-1036382,-66.04266,113.1131
2428247,-1036395,-66.04246,113.1132
2428268,-1036409,-66.04224,113.1133
2428288,-1036422,-66.04203,113.1134
2428309,-1036435,-66.04182,113.1134
2428329,-1036449,-66.0416,113.1135
2428350,-1036462,-66.04139,113.1136
2428371,-1036475,-66.04118,113.1137
2428392,-1036488,-66.04096,113.1138
2428411,-1036501,-66.04076,113.1139
2428432,-1036515,-66.04054,113.114
2428453,-1036528,-66.04033,113.1141
2428473,-1036541,-66.04012,113.1142
2428494,-1036555,-66.0399,113.1143
2428514,-1036568,-66.03969,113.1143
2428535,-1036582,-66.03947,113.1144
2428555,-1036595,-66.03926,113.1145
2428576,-1036608,-66.03905,113.1146
2428597,-1036622,-66.03883,113.1147
2428617,-1036635,-66.03863,113.1148
2428638,-1036648,-66.03841,113.1149
2428658,-1036662,-66.0382,113.115
2428678,-1036675,-66.03799,113.1151
2428699,-1036688,-66.03777,113.1152
2428720,-1036702,-66.03756,113.1153
2428742,-1036716,-66.03734,113.1154
2428761,-1036729,-66.03713,113.1154
2428782,-1036742,-66.03692,113.1155
2428802,-1036755,-66.03671,113.1156
2428822,-1036769,-66.03649,113.1157
2428844,-1036782,-66.03628,113.1158
2428864,-1036796,-66.03606,113.1159
2428884,-1036808,-66.03585,113.116
2428905,-1036822,-66.03564,113.1161
2428926,-1036836,-66.03542,113.1162
2428946,-1036849,-66.03521,113.1163
2428966,-1036863,-66.035,113.1164
2428988,-1036876,-66.03478,113.1165
2429008,-1036890,-66.03457,113.1166
2429028,-1036903,-66.03436,113.1167
2429049,-1036916,-66.03414,113.1167
2429070,-1036930,-66.03393,113.1168
2429090,-1036943,-66.03371,113.1169
2429111,-1036957,-66.0335,113.117
2429132,-1036970,-66.03329,113.1171
2429152,-1036984,-66.03307,113.1172
2429174,-1036998,-66.03285,113.1173
2429194,-1037011,-66.03265,113.1174
2429215,-1037024,-66.03242,113.1175
2429236,-1037038,-66.03221,113.1176
2429256,-1037051,-66.032,113.1177
2429277,-1037065,-66.03178,113.1178
2429297,-1037078,-66.03157,113.1179
2429318,-1037092,-66.03135,113.118
2429339,-1037105,-66.03114,113.118
2429359,-1037119,-66.03093,113.1181
2429380,-1037132,-66.03071,113.1182
2429401,-1037146,-66.03049,113.1183
2429422,-1037160,-66.03028,113.1184
2429442,-1037173,-66.03007,113.1185
2429462,-1037186,-66.02985,113.1186
2429484,-1037200,-66.02963,113.1187
2429504,-1037214,-66.02942,113.1188
2429526,-1037228,-66.02921,113.1189
2429546,-1037241,-66.02899,113.119
2429566,-1037254,-66.02878,113.1191
2429587,-1037269,-66.02856,113.1192
2429608,-1037282,-66.02834,113.1193
2429628,-1037296,-66.02813,113.1194
2429649,-1037309,-66.02792,113.1195
2429670,-1037323,-66.0277,113.1196
2429691,-1037337,-66.02748,113.1197
2429712,-1037350,-66.02727,113.1198
2429732,-1037364,-66.02705,113.1199
2429752,-1037378,-66.02684,113.12
2429773,-1037391,-66.02663,113.1201
2429794,-1037405,-66.02641,113.1202
2429815,-1037419,-66.02619,113.1202
2429836,-1037433,-66.02598,113.1203
2429857,-1037447,-66.02576,113.1204
2429878,-1037460,-66.02554,113.1205
2429897,-1037474,-66.02533,113.1206
2429918,-1037487,-66.02512,113.1207
2429938,-1037501,-66.0249,113.1208
2429960,-1037515,-66.02468,113.1209
2429980,-1037529,-66.02447,113.121
2430001,-1037542,-66.02425,113.1211
2430022,-1037556,-66.02403,113.1212
2430043,-1037570,-66.02382,113.1213
2430064,-1037584,-66.0236,113.1214
2430085,-1037598,-66.02338,113.1215
2430105,-1037611,-66.02317,113.1216
2430126,-1037625,-66.02296,113.1217
2430146,-1037638,-66.02274,113.1218
2430168,-1037652,-66.02252,113.1219
2430188,-1037666,-66.02231,113.122
2430209,-1037680,-66.02209,113.1221
2430230,-1037694,-66.02187,113.1222
2430250,-1037707,-66.02166,113.1223
2430272,-1037721,-66.02144,113.1224
2430292,-1037735,-66.02122,113.1225
2430313,-1037748,-66.02101,113.1226
2430334,-1037762,-66.02079,113.1227
2430354,-1037776,-66.02058,113.1228
2430375,-1037789,-66.02036,113.1229
2430397,-1037803,-66.02014,113.123
2430417,-1037817,-66.01993,113.1231
2430438,-1037831,-66.01971,113.1232
2430458,-1037844,-66.01949,113.1233
2430479,-1037858,-66.01928,113.1234
2430500,-1037872,-66.01906,113.1235
2430521,-1037886,-66.01884,113.1235
2430542,-1037900,-66.01862,113.1236
2430563,-1037913,-66.01841,113.1237
2430583,-1037927,-66.0182,113.1238
2430605,-1037942,-66.01797,113.1239
2430625,-1037955,-66.01776,113.124
2430646,-1037968,-66.01754,113.1241
2430667,-1037982,-66.01733,113.1242
2430688,-1037996,-66.01711,113.1243
2430708,-1038010,-66.01689,113.1244
2430730,-1038024,-66.01668,113.1245
2430750,-1038038,-66.01646,113.1246
2430771,-1038052,-66.01624,113.1247
2430791,-1038065,-66.01603,113.1248
2430813,-1038079,-66.01581,113.1249
2430833,-1038093,-66.01559,113.125
2430854,-1038107,-66.01538,113.1251
2430875,-1038121,-66.01516,113.1252
2430896,-1038134,-66.01495,113.1253
2430917,-1038149,-66.01472,113.1254
2430937,-1038162,-66.01451,113.1255
2430958,-1038176,-66.0143,113.1256
2430979,-1038190,-66.01408,113.1257
2430999,-1038204,-66.01386,113.1258
2431020,-1038218,-66.01364,113.1259
2431041,-1038232,-66.01343,113.126
2431062,-1038246,-66.01321,113.1261
2431082,-1038260,-66.01299,113.1262
2431103,-1038274,-66.01278,113.1263
2431124,-1038288,-66.01256,113.1264
2431145,-1038302,-66.01234,113.1265
2431165,-1038315,-66.01213,113.1266
2431187,-1038330,-66.01191,113.1267
2431207,-1038343,-66.0117,113.1268
2431227,-1038357,-66.01148,113.1269
2431249,-1038372,-66.01126,113.127
2431269,-1038386,-66.01105,113.1271
2431291,-1038400,-66.01083,113.1272
2431311,-1038414,-66.01061,113.1273
2431331,-1038427,-66.0104,113.1274
2431352,-1038441,-66.01018,113.1275
2431372,-1038455,-66.00996,113.1276
2431394,-1038469,-66.00974,113.1277
2431414,-1038483,-66.00953,113.1278
2431435,-1038497,-66.00932,113.1279
2431456,-1038511,-66.00909,113.1281
2431476,-1038525,-66.00888,113.1282
2431498,-1038539,-66.00866,113.1283
2431518,-1038553,-66.00845,113.1283
2431539,-1038566,-66.00823,113.1284
2431560,-1038580,-66.00801,113.1285
2431581,-1038594,-66.0078,113.1286
2431601,-1038608,-66.00758,113.1287
2431623,-1038622,-66.00736,113.1288
2431643,-1038635,-66.00715,113.1289
2431664,-1038649,-66.00693,113.129
2431684,-1038662,-66.00671,113.1291
2431705,-1038676,-66.0065,113.1292
2431727,-1038690,-66.00628,113.1293
2431747,-1038703,-66.00607,113.1294
2431768,-1038717,-66.00584,113.1295
2431790,-1038730,-66.00563,113.1296
2431810,-1038744,-66.00542,113.1297
2431832,-1038757,-66.0052,113.1298
2431852,-1038771,-66.00498,113.1298
2431874,-1038784,-66.00476,113.1299
2431894,-1038797,-66.00455,113.13
2431915,-1038811,-66.00433,113.1301
2431936,-1038824,-66.00411,113.1302
2431958,-1038837,-66.0039,113.1303
2431979,-1038850,-66.00368,113.1304
2431999,-1038864,-66.00346,113.1304
2432020,-1038876,-66.00325,113.1305
2432042,-1038890,-66.00303,113.1306
2432062,-1038903,-66.00282,113.1307
2432083,-1038916,-66.0026,113.1308
2432104,-1038929,-66.00238,113.1309
2432126,-1038942,-66.00217,113.1309
2432147,-1038955,-66.00195,113.131
2432168,-1038969,-66.00173,113.1311
2432189,-1038982,-66.00152,113.1312
2432210,-1038995,-66.0013,113.1313
2432231,-1039008,-66.00108,113.1313
2432253,-1039021,-66.00086,113.1314
2432274,-1039034,-66.00065,113.1315
2432295,-1039047,-66.00043,113.1316
2432316,-1039060,-66.00021,113.1317
2432338,-1039073,-66,113.1317
2432358,-1039086,-65.99979,113.1318
2432378,-1039098,-65.99957,113.1319
2432400,-1039111,-65.99936,113.132
2432421,-1039124,-65.99914,113.1321
2432442,-1039137,-65.99892,113.1321
2432464,-1039151,-65.9987,113.1322
2432485,-1039164,-65.99849,113.1323
2432506,-1039176,-65.99828,113.1324
2432527,-1039190,-65.99805,113.1324
2432548,-1039202,-65.99784,113.1325
2432569,-1039215,-65.99763,113.1326
2432590,-1039228,-65.99741,113.1327
2432612,-1039241,-65.99719,113.1328
2432632,-1039254,-65.99698,113.1328
2432653,-1039267,-65.99677,113.1329
2432674,-1039279,-65.99655,113.133
2432695,-1039293,-65.99633,113.1331
2432716,-1039306,-65.99612,113.1332
2432738,-1039318,-65.9959,113.1332
2432759,-1039332,-65.99568,113.1333
2432780,-1039345,-65.99547,113.1334
2432801,-1039358,-65.99525,113.1335
2432822,-1039370,-65.99503,113.1336
2432844,-1039384,-65.99481,113.1336
2432864,-1039398,-65.9946,113.1337
2432884,-1039410,-65.99439,113.1338
2432906,-1039423,-65.99417,113.1339
2432927,-1039436,-65.99396,113.134
2432948,-1039450,-65.99374,113.134
2432970,-1039462,-65.99352,113.1341
2432990,-1039476,-65.99331,113.1342
2433012,-1039489,-65.99309,113.1343
2433033,-1039502,-65.99287,113.1344
2433053,-1039515,-65.99266,113.1345
2433074,-1039529,-65.99244,113.1345
2433095,-1039541,-65.99223,113.1346
2433116,-1039555,-65.99201,113.1347
2433137,-1039567,-65.9918,113.1348
2433157,-1039580,-65.99158,113.1349
2433179,-1039594,-65.99136,113.135
2433200,-1039607,-65.99115,113.135
2433222,-1039620,-65.99093,113.1351
2433242,-1039634,-65.99072,113.1352
2433263,-1039646,-65.9905,113.1353
2433285,-1039660,-65.99028,113.1354
2433306,-1039673,-65.99007,113.1355
2433327,-1039686,-65.98985,113.1355
2433348,-1039699,-65.98963,113.1356
2433368,-1039712,-65.98942,113.1357
2433390,-1039726,-65.9892,113.1358
2433410,-1039738,-65.98899,113.1359
2433430,-1039752,-65.98878,113.136
2433453,-1039765,-65.98856,113.136
2433473,-1039778,-65.98834,113.1361
2433494,-1039791,-65.98812,113.1362
2433516,-1039804,-65.98791,113.1363
2433536,-1039818,-65.98769,113.1364
2433558,-1039831,-65.98747,113.1365
2433579,-1039844,-65.98726,113.1365
2433600,-1039858,-65.98704,113.1366
2433620,-1039871,-65.98682,113.1367
2433641,-1039883,-65.98661,113.1368
2433663,-1039897,-65.98639,113.1369
2433684,-1039910,-65.98618,113.137
2433705,-1039923,-65.98595,113.137
2433726,-1039937,-65.98574,113.1371
2433746,-1039950,-65.98553,113.1372
2433769,-1039963,-65.98531,113.1373
2433790,-1039977,-65.98508,113.1374
2433810,-1039990,-65.98487,113.1375
2433832,-1040003,-65.98465,113.1376
2433853,-1040016,-65.98444,113.1376
2433875,-1040030,-65.98421,113.1377
2433895,-1040042,-65.984,113.1378
2433916,-1040056,-65.98379,113.1379
2433937,-1040070,-65.98357,113.138
2433959,-1040082,-65.98335,113.1381
2433980,-1040096,-65.98313,113.1381
2434000,-1040109,-65.98291,113.1382
2434022,-1040122,-65.9827,113.1383
2434043,-1040136,-65.98248,113.1384
2434065,-1040150,-65.98226,113.1385
2434086,-1040162,-65.98204,113.1386
2434107,-1040176,-65.98182,113.1387
2434128,-1040189,-65.98161,113.1387
2434150,-1040203,-65.98138,113.1388
2434170,-1040216,-65.98117,113.1389
2434192,-1040229,-65.98095,113.139
2434213,-1040243,-65.98074,113.1391
2434234,-1040256,-65.98051,113.1392
2434256,-1040269,-65.98029,113.1392
2434276,-1040282,-65.98008,113.1393
2434298,-1040296,-65.97986,113.1394
2434320,-1040309,-65.97964,113.1395
2434340,-1040322,-65.97942,113.1396
2434362,-1040336,-65.9792,113.1397
2434383,-1040349,-65.97899,113.1397
2434404,-1040362,-65.97877,113.1398
2434426,-1040376,-65.97855,113.1399
2434447,-1040389,-65.97833,113.14
2434468,-1040402,-65.97811,113.1401
2434490,-1040416,-65.97789,113.1402
2434510,-1040429,-65.97768,113.1403
2434532,-1040442,-65.97746,113.1403
2434554,-1040455,-65.97723,113.1404
2434575,-1040469,-65.97701,113.1405
2434596,-1040482,-65.9768,113.1406
2434618,-1040495,-65.97658,113.1407
2434639,-1040508,-65.97636,113.1407
2434660,-1040521,-65.97614,113.1408
2434682,-1040535,-65.97592,113.1409
2434703,-1040548,-65.9757,113.141
2434724,-1040561,-65.97549,113.1411
2434746,-1040574,-65.97527,113.1411
2434767,-1040587,-65.97504,113.1412
2434788,-1040600,-65.97483,113.1413
2434810,-1040613,-65.97461,113.1414
2434831,-1040626,-65.97439,113.1414
2434852,-1040639,-65.97417,113.1415
2434875,-1040653,-65.97395,113.1416
2434895,-1040665,-65.97373,113.1417
2434917,-1040678,-65.97351,113.1418
2434939,-1040692,-65.97329,113.1418
2434960,-1040704,-65.97307,113.1419
2434981,-1040717,-65.97285,113.142
2435003,-1040731,-65.97263,113.1421
2435025,-1040744,-65.97241,113.1421
2435046,-1040756,-65.97219,113.1422
2435068,-1040769,-65.97197,113.1423
2435089,-1040783,-65.97176,113.1424
2435111,-1040795,-65.97153,113.1424
2435132,-1040808,-65.97131,113.1425
2435154,-1040821,-65.97109,113.1426
2435176,-1040834,-65.97087,113.1427
2435197,-1040846,-65.97066,113.1427
2435218,-1040859,-65.97044,113.1428
2435240,-1040873,-65.97021,113.1429
2435261,-1040885,-65.97,113.1429
2435283,-1040898,-65.96978,113.143
2435305,-1040911,-65.96956,113.1431
2435327,-1040924,-65.96934,113.1432
2435348,-1040937,-65.96912,113.1432
2435369,-1040949,-65.9689,113.1433
2435392,-1040962,-65.96868,113.1434
2435413,-1040975,-65.96846,113.1434
2435434,-1040988,-65.96825,113.1435
NaN,NaN,NaN,NaN
NaN,NaN,NaN,NaN
NaN,NaN,NaN,NaN
NaN,NaN,NaN,NaN
NaN,NaN,NaN,NaN
NaN,NaN,NaN,NaN
NaN,NaN,NaN,NaN
NaN,NaN,NaN,NaN
NaN,NaN,NaN,NaN
