1652654,-824146.8,-73.1217,116.5045
1652632,-824142.8,-73.12189,116.5047
1652611,-824138.8,-73.12208,116.5049
1652589,-824134.2,-73.12228,116.5051
1652567,-824130.2,-73.12247,116.5053
1652545,-824126.2,-73.12266,116.5055
1652523,-824121.9,-73.12286,116.5057
1652501,-824118,-73.12305,116.5059
1652478,-824113.7,-73.12325,116.5061
1652458,-824109.8,-73.12344,116.5062
1652435,-824105.4,-73.12363,116.5064
1652414,-824101.4,-73.12382,116.5066
1652391,-824097.1,-73.12402,116.5068
1652370,-824092.8,-73.12421,116.507
1652348,-824089.6,-73.1244,116.5072
1652327,-824085.3,-73.12459,116.5074
1652304,-824080.9,-73.12479,116.5076
1652282,-824076.2,-73.12498,116.5077
1652260,-824072.2,-73.12518,116.5079
1652239,-824068.4,-73.12537,116.5081
1652217,-824064.1,-73.12556,116.5083
1652195,-824060.1,-73.12576,116.5085
1652173,-824056.1,-73.12595,116.5087
1652151,-824051.8,-73.12614,116.5089
1652129,-824047.5,-73.12634,116.5091
1652107,-824043.2,-73.12653,116.5092
1652085,-824039.6,-73.12672,116.5094
1652063,-824034.5,-73.12691,116.5096
1652042,-824030.6,-73.12711,116.5098
1652020,-824026.6,-73.1273,116.51
1651998,-824022.8,-73.12749,116.5102
1651976,-824017.9,-73.12769,116.5104
1651955,-824014.3,-73.12788,116.5106
1651932,-824009.9,-73.12807,116.5107
1651910,-824005.4,-73.12827,116.5109
1651888,-824001.4,-73.12846,116.5111
1651866,-823996.8,-73.12865,116.5113
1651844,-823992.8,-73.12885,116.5115
1651824,-823988.8,-73.12904,116.5117
1651801,-823984.2,-73.12923,116.5119
1651780,-823980.1,-73.12943,116.512
1651757,-823976.1,-73.12962,116.5122
1651736,-823971.8,-73.12981,116.5124
1651714,-823967.2,-73.13,116.5126
1651691,-823962.9,-73.1302,116.5128
1651670,-823958.8,-73.13039,116.513
1651649,-823954.5,-73.13058,116.5131
1651626,-823950.1,-73.13078,116.5133
1651605,-823945.8,-73.13097,116.5135
1651582,-823942,-73.13117,116.5137
1651561,-823937.2,-73.13136,116.5139
1651539,-823932.8,-73.13155,116.5141
1651516,-823928.9,-73.13175,116.5143
1651495,-823924.6,-73.13194,116.5144
1651473,-823920.4,-73.13214,116.5146
1651451,-823915.9,-73.13233,116.5148
1651430,-823911.6,-73.13252,116.515
1651407,-823906.8,-73.13272,116.5152
1651386,-823903,-73.13291,116.5154
1651363,-823898.2,-73.13311,116.5155
1651342,-823894.2,-73.1333,116.5157
1651320,-823889.8,-73.13349,116.5159
1651298,-823885.6,-73.13369,116.5161
1651276,-823881.2,-73.13388,116.5163
1651254,-823877.4,-73.13407,116.5165
1651233,-823872.9,-73.13426,116.5166
1651210,-823868.6,-73.13446,116.5168
1651189,-823864.6,-73.13465,116.517
1651167,-823859.9,-73.13484,116.5172
1651146,-823855.9,-73.13504,116.5174
1651123,-823851.6,-73.13523,116.5176
1651102,-823848,-73.13542,116.5177
1651079,-823843,-73.13562,116.5179
1651058,-823839.4,-73.13581,116.5181
1651037,-823834.7,-73.136,116.5183
1651014,-823830.7,-73.1362,116.5185
1650992,-823825.9,-73.13639,116.5187
1650970,-823822,-73.13659,116.5189
1650948,-823817.4,-73.13678,116.519
1650927,-823813.4,-73.13697,116.5192
1650905,-823809,-73.13717,116.5194
1650883,-823805.1,-73.13736,116.5196
1650860,-823800.8,-73.13756,116.5198
1650839,-823796.5,-73.13775,116.52
1650817,-823792.5,-73.13794,116.5202
1650795,-823788.2,-73.13814,116.5203
1650773,-823783.8,-73.13833,116.5205
1650752,-823779.5,-73.13852,116.5207
1650729,-823775.5,-73.13872,116.5209
1650708,-823771.2,-73.13891,116.5211
1650686,-823767.2,-73.1391,116.5213
1650664,-823762.5,-73.1393,116.5215
1650642,-823758.6,-73.13949,116.5216
1650620,-823754.6,-73.13968,116.5218
1650599,-823750.2,-73.13987,116.522
1650576,-823745.9,-73.14007,116.5222
1650554,-823741.9,-73.14026,116.5224
1650533,-823738.3,-73.14045,116.5226
1650510,-823733.3,-73.14065,116.5228
1650490,-823729.7,-73.14084,116.523
1650466,-823725.4,-73.14104,116.5232
1650446,-823721.4,-73.14123,116.5233
1650423,-823717.1,-73.14142,116.5235
1650401,-823712.8,-73.14162,116.5237
1650379,-823708.4,-73.14181,116.5239
1650358,-823704.8,-73.142,116.5241
1650336,-823700.8,-73.14219,116.5243
1650314,-823696.5,-73.14239,116.5245
1650292,-823692.6,-73.14258,116.5247
1650271,-823688.2,-73.14277,116.5248
1650248,-823684.6,-73.14296,116.525
1650226,-823679.9,-73.14316,116.5252
1650205,-823675.9,-73.14335,116.5254
1650182,-823672.1,-73.14355,116.5256
1650160,-823667.2,-73.14374,116.5258
1650139,-823663.7,-73.14393,116.526
1650116,-823659.4,-73.14413,116.5262
1650095,-823655,-73.14432,116.5264
1650072,-823650.7,-73.14452,116.5266
1650050,-823647.2,-73.14471,116.5267
1650029,-823642.9,-73.1449,116.5269
1650007,-823638.8,-73.14509,116.5271
1649986,-823635.2,-73.14528,116.5273
1649964,-823630.4,-73.14548,116.5275
1649941,-823626.6,-73.14567,116.5277
1649920,-823622.2,-73.14586,116.5279
1649897,-823617.9,-73.14606,116.5281
1649876,-823614,-73.14625,116.5283
1649853,-823610.1,-73.14645,116.5285
1649832,-823605.9,-73.14664,116.5286
1649811,-823602.1,-73.14683,116.5288
1649788,-823597.8,-73.14703,116.529
1649766,-823593.8,-73.14722,116.5292
1649745,-823589.8,-73.14741,116.5294
1649722,-823585.2,-73.14761,116.5296
1649700,-823581.1,-73.1478,116.5298
1649678,-823576.9,-73.14799,116.53
1649657,-823572.9,-73.14819,116.5302
1649635,-823568.9,-73.14838,116.5303
1649612,-823564.5,-73.14857,116.5305
1649591,-823560.6,-73.14877,116.5307
1649569,-823556.6,-73.14896,116.5309
1649546,-823552.3,-73.14915,116.5311
1649525,-823548.3,-73.14935,116.5313
1649503,-823544.3,-73.14954,116.5315
1649481,-823540.3,-73.14973,116.5317
1649459,-823535.7,-73.14993,116.5319
1649437,-823532.1,-73.15012,116.5321
1649416,-823528.2,-73.15031,116.5323
1649394,-823523.8,-73.15051,116.5324
1649371,-823519.9,-73.1507,116.5326
1649350,-823515.5,-73.15089,116.5328
1649327,-823511.2,-73.15108,116.533
1649306,-823507.2,-73.15128,116.5332
1649283,-823502.9,-73.15147,116.5334
1649262,-823499.3,-73.15166,116.5336
1649240,-823494.6,-73.15186,116.5338
1649218,-823490.6,-73.15205,116.534
1649196,-823486.3,-73.15224,116.5341
1649174,-823481.9,-73.15244,116.5343
1649152,-823477.9,-73.15263,116.5345
1649131,-823473.9,-73.15282,116.5347
1649108,-823469.3,-73.15302,116.5349
1649087,-823465.8,-73.15321,116.5351
1649064,-823461.3,-73.15341,116.5353
1649043,-823457.4,-73.1536,116.5355
1649021,-823452.6,-73.15379,116.5356
1648999,-823448.8,-73.15399,116.5358
1648977,-823444.3,-73.15418,116.536
1648955,-823440,-73.15438,116.5362
1648933,-823435.6,-73.15457,116.5364
1648912,-823431.4,-73.15476,116.5366
1648889,-823426.9,-73.15496,116.5368
1648868,-823422.6,-73.15515,116.5369
1648846,-823418.2,-73.15534,116.5371
1648824,-823413.9,-73.15554,116.5373
1648802,-823409.4,-73.15573,116.5375
1648780,-823405.3,-73.15593,116.5377
1648758,-823400.6,-73.15613,116.5378
1648736,-823396.1,-73.15632,116.538
1648714,-823391.4,-73.15652,116.5382
1648692,-823387.1,-73.15671,116.5384
1648670,-823382.4,-73.15691,116.5386
1648649,-823378,-73.1571,116.5387
1648627,-823373.6,-73.15729,116.5389
1648604,-823369.3,-73.15749,116.5391
1648582,-823364.1,-73.15768,116.5393
1648560,-823359.6,-73.15788,116.5395
1648539,-823355.1,-73.15807,116.5396
1648517,-823350.7,-73.15826,116.5398
1648495,-823346,-73.15846,116.54
1648474,-823341.7,-73.15865,116.5402
1648451,-823337,-73.15885,116.5403
1648429,-823331.9,-73.15905,116.5405
1648408,-823327.1,-73.15924,116.5407
1648386,-823322.4,-73.15944,116.5408
1648364,-823317.7,-73.15964,116.541
1648342,-823313,-73.15983,116.5412
1648320,-823307.8,-73.16003,116.5413
1648298,-823303.4,-73.16022,116.5415
1648276,-823298.3,-73.16042,116.5417
1648255,-823293.2,-73.16061,116.5419
1648233,-823288.9,-73.1608,116.542
1648211,-823283.9,-73.161,116.5422
1648189,-823278.6,-73.1612,116.5424
1648167,-823273.9,-73.1614,116.5425
1648146,-823269.2,-73.16159,116.5427
1648124,-823264.1,-73.16179,116.5429
1648101,-823259.3,-73.16199,116.543
1648080,-823254.6,-73.16218,116.5432
1648058,-823249.4,-73.16238,116.5434
1648036,-823244.8,-73.16257,116.5435
1648014,-823240.1,-73.16277,116.5437
1647992,-823235,-73.16296,116.5439
1647970,-823229.8,-73.16316,116.544
1647949,-823225,-73.16335,116.5442
1647927,-823219.9,-73.16355,116.5444
1647905,-823214.8,-73.16375,116.5445
1647883,-823209.8,-73.16395,116.5447
1647862,-823204.9,-73.16414,116.5449
1647840,-823199.8,-73.16434,116.545
1647818,-823194.7,-73.16454,116.5452
1647796,-823190,-73.16473,116.5453
1647774,-823185.2,-73.16492,116.5455
1647752,-823180.2,-73.16512,116.5457
1647731,-823174.9,-73.16531,116.5458
1647709,-823170.2,-73.16551,116.546
1647687,-823164.8,-73.16571,116.5462
1647665,-823159.8,-73.16591,116.5463
1647644,-823154.9,-73.1661,116.5465
1647622,-823149.8,-73.1663,116.5467
1647599,-823145.1,-73.1665,116.5468
1647578,-823139.9,-73.16669,116.547
1647555,-823134.9,-73.16689,116.5472
1647534,-823129.7,-73.16708,116.5473
1647512,-823124.4,-73.16728,116.5475
1647490,-823119.5,-73.16748,116.5476
1647469,-823114.8,-73.16767,116.5478
1647447,-823109.3,-73.16787,116.548
1647425,-823104.2,-73.16807,116.5481
1647404,-823099.3,-73.16826,116.5483
1647381,-823093.9,-73.16846,116.5484
1647360,-823089.1,-73.16866,116.5486
1647338,-823083.9,-73.16885,116.5488
1647316,-823079,-73.16905,116.5489
1647295,-823073.8,-73.16924,116.5491
1647272,-823068.7,-73.16944,116.5493
1647251,-823063.6,-73.16964,116.5494
1647229,-823058.8,-73.16983,116.5496
1647207,-823053.7,-73.17003,116.5497
1647185,-823048.1,-73.17023,116.5499
1647163,-823043.1,-73.17043,116.5501
1647142,-823038.2,-73.17062,116.5502
1647120,-823033.2,-73.17081,116.5504
1647098,-823028.1,-73.17101,116.5506
1647077,-823023.3,-73.1712,116.5507
1647054,-823017.7,-73.1714,116.5509
1647032,-823012.4,-73.1716,116.551
1647011,-823007.9,-73.17179,116.5512
1646990,-823002.8,-73.17199,116.5514
1646967,-822997.2,-73.17219,116.5515
1646946,-822992.5,-73.17238,116.5517
1646924,-822987.7,-73.17258,116.5518
1646902,-822982.1,-73.17278,116.552
1646880,-822977.6,-73.17297,116.5522
1646858,-822972.1,-73.17316,116.5523
1646836,-822966.9,-73.17336,116.5525
1646815,-822962.2,-73.17356,116.5527
1646793,-822957,-73.17375,116.5528
1646771,-822951.9,-73.17395,116.553
1646750,-822946.8,-73.17415,116.5531
1646728,-822941.8,-73.17434,116.5533
1646706,-822936.9,-73.17454,116.5535
1646684,-822931.9,-73.17474,116.5536
1646662,-822926.7,-73.17493,116.5538
1646641,-822921.9,-73.17513,116.5539
1646619,-822916.5,-73.17532,116.5541
1646597,-822911.3,-73.17552,116.5543
1646576,-822906.5,-73.17571,116.5544
1646554,-822901.4,-73.1759,116.5546
1646532,-822896.9,-73.1761,116.5548
1646511,-822891.6,-73.1763,116.5549
1646489,-822886.4,-73.1765,116.5551
1646467,-822881.7,-73.17669,116.5553
1646445,-822876.1,-73.17689,116.5554
1646423,-822871.4,-73.17709,116.5556
1646402,-822866.7,-73.17728,116.5557
1646380,-822861.6,-73.17747,116.5559
1646358,-822856.4,-73.17767,116.5561
1646337,-822851.2,-73.17786,116.5562
1646314,-822846.5,-73.17806,116.5564
1646293,-822841.1,-73.17826,116.5566
1646270,-822835.6,-73.17846,116.5567
1646249,-822831.6,-73.17865,116.5569
1646228,-822826.7,-73.17884,116.5571
1646204,-822820.9,-73.17905,116.5572
1646184,-822816.6,-73.17924,116.5574
1646161,-822811,-73.17944,116.5575
1646140,-822806.6,-73.17963,116.5577
1646119,-822801.2,-73.17982,116.5579
1646096,-822796.1,-73.18002,116.558
1646075,-822791.7,-73.18021,116.5582
1646053,-822786.5,-73.18041,116.5584
1646030,-822781,-73.18061,116.5585
1646010,-822776.6,-73.1808,116.5587
1645987,-822771.1,-73.181,116.5589
1645966,-822767.1,-73.18119,116.559
1645945,-822761.8,-73.18139,116.5592
1645922,-822756.2,-73.18159,116.5594
1645901,-822752.1,-73.18178,116.5595
1645879,-822747,-73.18198,116.5597
1645856,-822741.5,-73.18217,116.5599
1645836,-822737.1,-73.18237,116.56
1645813,-822731.6,-73.18256,116.5602
1645791,-822726.5,-73.18276,116.5604
1645768,-822721.7,-73.18296,116.5605
1645747,-822717,-73.18315,116.5607
1645727,-822712.8,-73.18334,116.5609
1645703,-822707.2,-73.18355,116.561
1645682,-822702.4,-73.18374,116.5612
1645660,-822697.3,-73.18394,116.5614
1645639,-822692.9,-73.18413,116.5615
1645616,-822687.8,-73.18433,116.5617
1645594,-822682.6,-73.18452,116.5619
1645573,-822677.8,-73.18472,116.562
1645551,-822673.1,-73.18491,116.5622
1645529,-822668.1,-73.18511,116.5624
1645507,-822663.3,-73.1853,116.5625
1645485,-822658.2,-73.1855,116.5627
1645464,-822654.1,-73.18569,116.5629
1645442,-822648.2,-73.18589,116.563
1645420,-822643.6,-73.18609,116.5632
1645398,-822639.2,-73.18628,116.5634
1645376,-822634.1,-73.18648,116.5635
1645354,-822628.8,-73.18668,116.5637
1645333,-822624.1,-73.18687,116.5639
1645311,-822619.4,-73.18707,116.564
1645290,-822614.9,-73.18726,116.5642
1645267,-822609.6,-73.18746,116.5644
1645245,-822604.3,-73.18765,116.5645
1645224,-822600.3,-73.18784,116.5647
1645202,-822594.9,-73.18804,116.5649
1645180,-822589.8,-73.18824,116.565
1645158,-822585.4,-73.18843,116.5652
1645136,-822580.2,-73.18863,116.5654
1645116,-822575.7,-73.18882,116.5656
1645093,-822570.3,-73.18903,116.5657
1645071,-822565.6,-73.18922,116.5659
1645050,-822560.8,-73.18941,116.566
1645027,-822555.6,-73.18961,116.5662
1645005,-822550.5,-73.1898,116.5664
1644984,-822546.2,-73.19,116.5666
1644962,-822540.8,-73.19019,116.5667
1644941,-822536.6,-73.19038,116.5669
1644919,-822531.2,-73.19058,116.5671
1644896,-822525.9,-73.19078,116.5672
1644875,-822520.9,-73.19098,116.5674
1644853,-822516.6,-73.19117,116.5676
1644832,-822512.1,-73.19136,116.5677
1644810,-822506.8,-73.19156,116.5679
1644788,-822501.9,-73.19176,116.5681
1644765,-822496.8,-73.19196,116.5682
1644744,-822492.1,-73.19215,116.5684
1644722,-822486.9,-73.19234,116.5686
1644700,-822482.1,-73.19254,116.5687
1644678,-822477.3,-73.19273,116.5689
1644658,-822472.9,-73.19292,116.5691
1644636,-822467.8,-73.19312,116.5692
1644615,-822463,-73.19331,116.5694
1644591,-822457.6,-73.19352,116.5696
1644570,-822452.8,-73.19371,116.5697
1644549,-822448.7,-73.1939,116.5699
1644527,-822443.7,-73.1941,116.5701
1644506,-822438.9,-73.19429,116.5702
1644483,-822434.1,-73.19449,116.5704
1644461,-822428.9,-73.19469,116.5706
1644440,-822424.6,-73.19488,116.5708
1644418,-822419.4,-73.19508,116.5709
1644396,-822414.7,-73.19527,116.5711
1644373,-822409.2,-73.19547,116.5713
1644352,-822404.8,-73.19566,116.5714
1644331,-822400.1,-73.19585,116.5716
1644309,-822395.3,-73.19605,116.5718
1644288,-822390.6,-73.19624,116.5719
1644265,-822385.8,-73.19644,116.5721
1644243,-822380.7,-73.19664,116.5723
1644222,-822375.9,-73.19683,116.5724
1644200,-822371.2,-73.19703,116.5726
1644178,-822366.4,-73.19722,116.5728
1644157,-822360.9,-73.19742,116.5729
1644134,-822356.1,-73.19762,116.5731
1644113,-822351.8,-73.19781,116.5733
1644091,-822347,-73.19801,116.5735
1644069,-822341.9,-73.1982,116.5736
1644048,-822337.4,-73.19839,116.5738
1644026,-822332.7,-73.19859,116.574
1644004,-822327.9,-73.19878,116.5741
1643982,-822322.9,-73.19898,116.5743
1643960,-822317.8,-73.19917,116.5745
1643939,-822313.3,-73.19936,116.5746
1643917,-822308.5,-73.19956,116.5748
1643896,-822303.8,-73.19975,116.575
1643873,-822299.1,-73.19995,116.5752
1643851,-822293.9,-73.20015,116.5753
1643830,-822289.4,-73.20034,116.5755
1643808,-822284.7,-73.20054,116.5757
1643786,-822279.9,-73.20073,116.5758
1643765,-822275.2,-73.20092,116.576
1643743,-822270.4,-73.20112,116.5762
1643721,-822265.3,-73.20132,116.5763
1643698,-822260.6,-73.20152,116.5765
1643677,-822256.2,-73.20171,116.5767
1643656,-822251.4,-73.2019,116.5769
1643634,-822246.2,-73.2021,116.577
1643611,-822241.6,-73.20229,116.5772
1643589,-822236.4,-73.20249,116.5774
1643568,-822231.6,-73.20268,116.5775
1643547,-822226.8,-73.20287,116.5777
1643524,-822222,-73.20307,116.5779
1643502,-822217.3,-73.20327,116.578
1643480,-822212.6,-73.20347,116.5782
1643459,-822207.8,-73.20366,116.5784
1643437,-822203,-73.20385,116.5786
1643415,-822198.2,-73.20405,116.5787
1643394,-822193.9,-73.20424,116.5789
1643372,-822188.8,-73.20444,116.5791
1643350,-822184,-73.20464,116.5792
1643328,-822179.2,-73.20483,116.5794
1643306,-822174.1,-73.20502,116.5796
1643285,-822169.7,-73.20522,116.5798
1643263,-822164.6,-73.20541,116.5799
1643241,-822159.4,-73.20561,116.5801
1643219,-822154.9,-73.2058,116.5803
1643197,-822149.9,-73.206,116.5804
1643176,-822145.1,-73.20619,116.5806
1643154,-822140,-73.20639,116.5808
1643132,-822135.2,-73.20659,116.5809
1643110,-822130.8,-73.20678,116.5811
1643088,-822125.7,-73.20698,116.5813
1643066,-822120.6,-73.20718,116.5814
1643045,-822115.8,-73.20737,116.5816
1643023,-822111,-73.20757,116.5818
1643001,-822106.6,-73.20776,116.582
1642979,-822101.5,-73.20795,116.5821
1642958,-822096.8,-73.20815,116.5823
1642936,-822092.1,-73.20834,116.5825
1642913,-822087.2,-73.20854,116.5826
1642892,-822082.4,-73.20873,116.5828
1642870,-822077.3,-73.20893,116.583
1642849,-822072.6,-73.20912,116.5831
1642827,-822067.9,-73.20932,116.5833
1642804,-822063,-73.20952,116.5835
1642783,-822058.3,-73.20971,116.5836
1642762,-822053.4,-73.2099,116.5838
1642740,-822048.8,-73.2101,116.584
1642718,-822043.6,-73.2103,116.5842
1642695,-822038.8,-73.21049,116.5843
1642674,-822034,-73.21069,116.5845
1642652,-822029.2,-73.21088,116.5847
1642630,-822024.5,-73.21107,116.5848
1642608,-822019.8,-73.21127,116.585
1642586,-822015,-73.21147,116.5852
1642565,-822010.2,-73.21166,116.5854
1642543,-822005.4,-73.21185,116.5855
1642521,-822000.7,-73.21205,116.5857
1642499,-821996,-73.21225,116.5859
1642477,-821990.8,-73.21245,116.586
1642456,-821985.9,-73.21264,116.5862
1642435,-821981.9,-73.21283,116.5864
1642412,-821976.4,-73.21303,116.5866
1642390,-821971.9,-73.21323,116.5867
1642369,-821967.6,-73.21342,116.5869
1642346,-821962.2,-73.21362,116.5871
1642324,-821957.4,-73.21381,116.5872
1642302,-821952.8,-73.21401,116.5874
1642281,-821947.9,-73.2142,116.5876
1642260,-821943.4,-73.21439,116.5878
1642237,-821938.3,-73.21459,116.5879
1642215,-821933.3,-73.21479,116.5881
1642193,-821928.5,-73.21499,116.5883
1642172,-821923.9,-73.21518,116.5884
1642151,-821919.6,-73.21537,116.5886
1642128,-821914.6,-73.21557,116.5888
1642106,-821909.8,-73.21577,116.589
1642084,-821904.7,-73.21597,116.5891
1642062,-821900.2,-73.21616,116.5893
1642042,-821895.7,-73.21635,116.5895
1642018,-821889.9,-73.21655,116.5896
1641997,-821885.6,-73.21674,116.5898
1641974,-821880.8,-73.21694,116.59
1641954,-821876.5,-73.21713,116.5902
1641931,-821870.9,-73.21733,116.5903
1641909,-821866.1,-73.21753,116.5905
1641887,-821861.7,-73.21772,116.5907
1641867,-821857.8,-73.21791,116.5908
1641845,-821852.6,-73.21811,116.591
1641822,-821847.1,-73.21831,116.5912
1641800,-821842.2,-73.21851,116.5914
1641779,-821837.8,-73.2187,116.5915
1641757,-821832.9,-73.21889,116.5917
1641736,-821828.4,-73.21909,116.5919
1641713,-821822.9,-73.21928,116.592
1641691,-821818.1,-73.21948,116.5922
1641670,-821814.1,-73.21967,116.5924
1641647,-821808.6,-73.21987,116.5925
1641625,-821803.5,-73.22007,116.5927
1641604,-821798.9,-73.22026,116.5929
1641582,-821793.9,-73.22046,116.5931
1641561,-821789.8,-73.22065,116.5932
1641539,-821784.4,-73.22085,116.5934
1641516,-821779.2,-73.22105,116.5936
1641496,-821774.8,-73.22124,116.5937
1641473,-821769.6,-73.22144,116.5939
1641451,-821764.6,-73.22163,116.5941
1641430,-821760,-73.22182,116.5942
1641407,-821755,-73.22202,116.5944
1641386,-821749.4,-73.22222,116.5946
1641365,-821744.9,-73.22241,116.5947
1641342,-821739.8,-73.22261,116.5949
1641320,-821734.8,-73.22281,116.5951
1641298,-821729.6,-73.22301,116.5952
1641277,-821724.8,-73.2232,116.5954
1641256,-821720.6,-73.22339,116.5956
1641232,-821714.9,-73.22359,116.5957
1641211,-821710,-73.22379,116.5959
1641189,-821705.1,-73.22398,116.5961
1641167,-821699.8,-73.22418,116.5962
1641146,-821695.1,-73.22437,116.5964
1641124,-821689.8,-73.22457,116.5965
1641102,-821684.8,-73.22477,116.5967
1641080,-821679.6,-73.22497,116.5969
1641058,-821674.8,-73.22516,116.597
1641036,-821669.6,-73.22536,116.5972
1641014,-821664.5,-73.22556,116.5974
1640993,-821660.1,-73.22575,116.5975
1640971,-821654.6,-73.22594,116.5977
1640949,-821649.4,-73.22614,116.5979
1640928,-821643.9,-73.22634,116.598
1640905,-821639.1,-73.22654,116.5982
1640884,-821634.3,-73.22673,116.5983
1640862,-821628.4,-73.22693,116.5985
1640840,-821623.7,-73.22713,116.5987
1640819,-821618.4,-73.22732,116.5988
1640796,-821613.4,-73.22752,116.599
1640775,-821608.1,-73.22771,116.5991
1640754,-821603.1,-73.22791,116.5993
1640731,-821597.5,-73.22811,116.5995
1640710,-821592.7,-73.2283,116.5996
1640688,-821587.6,-73.2285,116.5998
1640666,-821582.4,-73.2287,116.5999
1640645,-821577.2,-73.22889,116.6001
1640623,-821572.1,-73.22909,116.6003
1640601,-821566.9,-73.22929,116.6004
1640579,-821561.8,-73.22948,116.6006
1640557,-821556.2,-73.22968,116.6007
1640536,-821551.4,-73.22987,116.6009
1640514,-821546.3,-73.23007,116.6011
1640492,-821540.8,-73.23027,116.6012
1640471,-821535.6,-73.23046,116.6014
1640448,-821530.5,-73.23067,116.6015
1640427,-821525.3,-73.23086,116.6017
1640405,-821519.8,-73.23106,116.6019
1640383,-821514.6,-73.23125,116.602
1640362,-821509.8,-73.23145,116.6022
1640339,-821504.3,-73.23165,116.6023
1640318,-821499.2,-73.23184,116.6025
1640295,-821493.6,-73.23204,116.6026
1640274,-821488.4,-73.23224,116.6028
1640253,-821483.2,-73.23243,116.603
1640230,-821477.8,-73.23264,116.6031
1640209,-821472.9,-73.23283,116.6033
1640187,-821467.4,-73.23302,116.6034
1640165,-821462.2,-73.23322,116.6036
1640144,-821457.5,-73.23341,116.6038
1640120,-821451.2,-73.23362,116.6039
1640100,-821446.4,-73.23381,116.6041
1640077,-821440.8,-73.23401,116.6042
1640056,-821435.4,-73.23421,116.6044
1640034,-821430.1,-73.23441,116.6045
1640013,-821425.1,-73.2346,116.6047
1639991,-821419.5,-73.23479,116.6048
1639970,-821414.7,-73.23499,116.605
1639948,-821409.1,-73.23519,116.6052
1639925,-821403.2,-73.23539,116.6053
1639903,-821398.1,-73.23559,116.6055
1639883,-821393.2,-73.23578,116.6056
1639860,-821387.6,-73.23598,116.6058
1639838,-821382.2,-73.23618,116.6059
1639816,-821376.7,-73.23637,116.6061
1639795,-821371.6,-73.23657,116.6062
1639774,-821366.4,-73.23676,116.6064
1639752,-821360.8,-73.23696,116.6066
1639730,-821355.6,-73.23716,116.6067
1639708,-821350.1,-73.23736,116.6069
1639686,-821344.9,-73.23756,116.607
1639665,-821339.8,-73.23775,116.6072
1639643,-821334.2,-73.23795,116.6073
1639621,-821329.1,-73.23814,116.6075
1639599,-821323.1,-73.23834,116.6076
1639578,-821318.3,-73.23853,116.6078
1639556,-821313.2,-73.23873,116.6079
1639534,-821307.6,-73.23893,116.6081
1639512,-821302.4,-73.23913,116.6083
1639491,-821296.9,-73.23932,116.6084
1639469,-821291.8,-73.23952,116.6086
1639448,-821286.2,-73.23972,116.6087
1639426,-821280.8,-73.23991,116.6089
1639404,-821275.6,-73.24011,116.609
1639382,-821270.2,-73.2403,116.6092
1639360,-821265.1,-73.2405,116.6093
1639339,-821259.6,-73.2407,116.6095
1639318,-821254.5,-73.24089,116.6096
1639295,-821248.9,-73.2411,116.6098
1639274,-821243.7,-73.24129,116.61
1639252,-821238.2,-73.24149,116.6101
1639230,-821232.7,-73.24168,116.6103
1639209,-821227.9,-73.24187,116.6104
1639187,-821222.6,-73.24207,116.6106
1639165,-821216.8,-73.24227,116.6107
1639144,-821211.9,-73.24246,116.6109
1639122,-821206.4,-73.24266,116.611
1639100,-821200.9,-73.24286,116.6112
1639079,-821195.6,-73.24305,116.6113
1639057,-821190.5,-73.24325,116.6115
1639036,-821184.9,-73.24345,116.6117
1639014,-821179.4,-73.24364,116.6118
1638992,-821174.6,-73.24384,116.612
1638971,-821168.7,-73.24403,116.6121
1638949,-821163.4,-73.24423,116.6123
1638928,-821158.7,-73.24442,116.6124
1638905,-821152.4,-73.24463,116.6126
1638883,-821147.2,-73.24482,116.6127
1638863,-821142.4,-73.24501,116.6129
1638840,-821136.9,-73.24522,116.613
1638818,-821131.3,-73.24541,116.6132
1638797,-821126.2,-73.24561,116.6134
1638775,-821120.6,-73.2458,116.6135
1638754,-821115.1,-73.24599,116.6137
1638732,-821110.1,-73.24619,116.6138
1638710,-821104.7,-73.24639,116.614
1638688,-821099.6,-73.24659,116.6141
1638667,-821094.3,-73.24678,116.6143
1638646,-821088.8,-73.24698,116.6144
1638624,-821083.7,-73.24718,116.6146
1638602,-821078.4,-73.24737,116.6147
1638581,-821072.9,-73.24757,116.6149
1638559,-821067.8,-73.24776,116.6151
1638538,-821062.6,-73.24796,116.6152
1638516,-821056.9,-73.24815,116.6154
1638493,-821051.4,-73.24835,116.6155
1638473,-821046.6,-73.24854,116.6157
1638451,-821041.6,-73.24874,116.6158
1638428,-821035.6,-73.24894,116.616
1638406,-821030.1,-73.24914,116.6161
1638386,-821025.2,-73.24933,116.6163
1638364,-821019.2,-73.24953,116.6164
1638342,-821014.1,-73.24973,116.6166
1638321,-821009.3,-73.24992,116.6168
1638298,-821003.8,-73.25012,116.6169
1638277,-820997.8,-73.25031,116.6171
1638256,-820993.1,-73.2505,116.6172
1638234,-820987.9,-73.25071,116.6174
1638212,-820981.9,-73.2509,116.6175
1638191,-820977.1,-73.25109,116.6177
1638169,-820971.6,-73.2513,116.6178
1638147,-820966.1,-73.25149,116.618
1638126,-820961.2,-73.25169,116.6181
1638104,-820955.6,-73.25188,116.6183
1638083,-820950.9,-73.25208,116.6185
1638060,-820945.7,-73.25227,116.6186
1638039,-820939.8,-73.25246,116.6188
1638016,-820934.3,-73.25267,116.6189
1637996,-820929.8,-73.25286,116.6191
1637974,-820924.6,-73.25305,116.6192
1637951,-820918.6,-73.25326,116.6194
1637931,-820914.2,-73.25345,116.6196
1637908,-820908.8,-73.25365,116.6197
1637887,-820904.6,-73.25384,116.6199
1637865,-820898.9,-73.25404,116.6201
1637843,-820894.1,-73.25423,116.6202
1637822,-820889.4,-73.25443,116.6204
1637799,-820884.4,-73.25462,116.6206
1637778,-820879.9,-73.25481,116.6207
1637756,-820875.1,-73.255,116.6209
1637734,-820870.8,-73.2552,116.6211
1637712,-820866.3,-73.2554,116.6213
1637690,-820861.6,-73.25559,116.6215
1637668,-820858.4,-73.25578,116.6217
1637646,-820853.6,-73.25598,116.6219
1637625,-820850.2,-73.25617,116.6221
1637603,-820846.6,-73.25636,116.6223
1637580,-820843.1,-73.25655,116.6225
1637558,-820839.7,-73.25675,116.6227
1637536,-820836.5,-73.25694,116.6229
1637514,-820832.8,-73.25713,116.6231
1637491,-820829.9,-73.25732,116.6234
1637470,-820827.5,-73.25751,116.6236
1637447,-820824.3,-73.25771,116.6238
1637426,-820822.1,-73.25789,116.6241
1637402,-820818.9,-73.25809,116.6243
1637380,-820816.8,-73.25827,116.6246
1637358,-820815.1,-73.25845,116.6248
1637335,-820812.2,-73.25865,116.6251
1637314,-820810.8,-73.25883,116.6253
1637291,-820809,-73.25903,116.6256
1637269,-820806.9,-73.25921,116.6258
1637247,-820805.6,-73.25939,116.6261
1637224,-820803.9,-73.25958,116.6264
1637202,-820802.5,-73.25977,116.6266
1637180,-820801.2,-73.25995,116.6269
1637158,-820799.8,-73.26014,116.6272
1637135,-820798.8,-73.26032,116.6275
1637113,-820798.3,-73.26051,116.6278
1637090,-820797.2,-73.26069,116.6281
1637068,-820796.3,-73.26087,116.6284
1637046,-820796.1,-73.26105,116.6287
1637023,-820795.1,-73.26124,116.629
1637001,-820794.6,-73.26142,116.6293
1636979,-820794.6,-73.2616,116.6296
1636956,-820793.6,-73.26178,116.6299
1636934,-820793.4,-73.26197,116.6302
1636911,-820793.6,-73.26215,116.6305
1636889,-820793.5,-73.26233,116.6308
1636867,-820793.2,-73.26251,116.6311
1636845,-820793.3,-73.26269,116.6314
1636822,-820793.5,-73.26287,116.6317
1636800,-820793.7,-73.26305,116.6321
1636778,-820794.5,-73.26322,116.6324
1636755,-820794.4,-73.2634,116.6327
1636732,-820794.6,-73.26359,116.633
1636710,-820795.1,-73.26376,116.6334
1636688,-820795.9,-73.26394,116.6337
1636665,-820796.1,-73.26412,116.634
1636643,-820796.7,-73.2643,116.6343
1636621,-820797.2,-73.26447,116.6347
1636598,-820797.8,-73.26466,116.635
1636576,-820798.8,-73.26483,116.6353
1636553,-820799.7,-73.26501,116.6357
1636530,-820800.3,-73.26519,116.636
1636508,-820800.7,-73.26537,116.6363
1636486,-820802,-73.26554,116.6367
1636464,-820802.9,-73.26572,116.637
1636442,-820803.8,-73.26589,116.6374
1636418,-820804.7,-73.26608,116.6377
1636396,-820805.3,-73.26625,116.638
1636374,-820806.7,-73.26643,116.6384
1636352,-820807.9,-73.2666,116.6387
1636329,-820808.8,-73.26678,116.6391
1636307,-820809.7,-73.26695,116.6394
1636284,-820810.8,-73.26713,116.6398
1636262,-820812,-73.2673,116.6401
1636240,-820813.2,-73.26748,116.6404
1636218,-820814.5,-73.26765,116.6408
1636195,-820815.8,-73.26783,116.6411
1636173,-820816.7,-73.26801,116.6415
1636151,-820817.9,-73.26818,116.6418
1636128,-820818.9,-73.26836,116.6422
1636106,-820820.2,-73.26853,116.6425
1636083,-820821.1,-73.26871,116.6429
1636062,-820822.4,-73.26888,116.6432
1636039,-820823.7,-73.26906,116.6436
1636016,-820825,-73.26923,116.6439
1635994,-820826.2,-73.26941,116.6443
1635972,-820827.6,-73.26958,116.6446
1635949,-820828.4,-73.26976,116.645
1635926,-820829.8,-73.26994,116.6453
1635904,-820831.4,-73.27011,116.6457
1635882,-820832.5,-73.27029,116.646
1635860,-820834.1,-73.27046,116.6464
1635838,-820835.2,-73.27063,116.6467
1635816,-820836.2,-73.27081,116.647
1635793,-820837.4,-73.27098,116.6474
1635771,-820838.8,-73.27116,116.6478
1635749,-820839.8,-73.27133,116.6481
1635726,-820841.7,-73.27151,116.6485
1635704,-820842.7,-73.27168,116.6488
1635681,-820843.9,-73.27186,116.6492
1635659,-820844.9,-73.27203,116.6495
1635638,-820846.5,-73.2722,116.6498
1635614,-820847.8,-73.27238,116.6502
1635592,-820848.8,-73.27255,116.6505
1635569,-820850.4,-73.27274,116.6509
1635548,-820851.6,-73.2729,116.6512
1635525,-820852.4,-73.27308,116.6516
1635503,-820854.6,-73.27325,116.6519
1635481,-820855.2,-73.27343,116.6523
1635458,-820856.8,-73.27361,116.6526
1635436,-820858.1,-73.27378,116.653
1635413,-820858.9,-73.27396,116.6533
1635390,-820860.2,-73.27413,116.6537
1635368,-820861.1,-73.27431,116.654
1635347,-820863.2,-73.27448,116.6544
1635323,-820864.1,-73.27466,116.6547
1635302,-820864.8,-73.27483,116.6551
1635279,-820866.6,-73.27501,116.6554
1635257,-820868,-73.27518,116.6558
1635235,-820868.9,-73.27535,116.6561
1635212,-820870.8,-73.27553,116.6565
1635190,-820871.4,-73.2757,116.6568
1635168,-820873.5,-73.27588,116.6572
1635145,-820873.9,-73.27605,116.6575
1635124,-820875.6,-73.27622,116.6579
1635100,-820876.5,-73.27641,116.6582
1635079,-820878,-73.27657,116.6586
1635056,-820879.4,-73.27676,116.6589
1635034,-820881.1,-73.27692,116.6593
1635011,-820882,-73.2771,116.6596
1634989,-820883.9,-73.27728,116.66
1634967,-820885.9,-73.27744,116.6603
1634944,-820887,-73.27762,116.6607
1634922,-820888.6,-73.27779,116.6611
1634901,-820890.6,-73.27796,116.6614
1634878,-820892.2,-73.27814,116.6618
1634855,-820893.6,-73.27831,116.6621
1634833,-820895.5,-73.27848,116.6625
1634811,-820897.6,-73.27866,116.6629
1634789,-820899.7,-73.27882,116.6632
1634766,-820901.2,-73.279,116.6636
1634744,-820903.6,-73.27917,116.664
1634721,-820905.4,-73.27934,116.6644
1634700,-820908.1,-73.27951,116.6647
1634677,-820910.1,-73.27968,116.6651
1634654,-820912.2,-73.27985,116.6655
1634633,-820915,-73.28002,116.6659
1634610,-820916.9,-73.28019,116.6662
1634588,-820919.4,-73.28036,116.6666
1634565,-820921.8,-73.28053,116.667
1634543,-820924.2,-73.2807,116.6674
1634521,-820926.9,-73.28087,116.6678
1634499,-820929.4,-73.28104,116.6682
1634477,-820932.6,-73.2812,116.6685
1634454,-820934.9,-73.28137,116.6689
1634432,-820937.8,-73.28155,116.6693
1634410,-820940.1,-73.28171,116.6697
1634388,-820943.3,-73.28188,116.6701
1634366,-820946.4,-73.28204,116.6705
1634343,-820948.8,-73.28221,116.6709
1634321,-820951.6,-73.28238,116.6713
1634299,-820954.8,-73.28255,116.6717
1634278,-820958.3,-73.28271,116.6721
1634254,-820960.7,-73.28288,116.6725
1634233,-820964.2,-73.28304,116.6729
1634210,-820967,-73.28321,116.6733
1634188,-820970.4,-73.28338,116.6737
1634166,-820973.6,-73.28354,116.6741
1634144,-820976.8,-73.28371,116.6745
1634121,-820979.6,-73.28387,116.6749
1634100,-820983.1,-73.28403,116.6753
1634078,-820986.8,-73.2842,116.6757
1634055,-820989.5,-73.28437,116.6761
1634033,-820992.9,-73.28453,116.6765
1634011,-820996.1,-73.2847,116.6769
1633990,-820999.9,-73.28486,116.6773
1633967,-821003.1,-73.28503,116.6777
1633945,-821006.6,-73.28519,116.6781
1633923,-821009.8,-73.28535,116.6785
1633900,-821013,-73.28552,116.6789
1633879,-821016.4,-73.28568,116.6793
1633857,-821020.1,-73.28585,116.6797
1633834,-821023.5,-73.28601,116.6801
1633813,-821027.4,-73.28617,116.6805
1633790,-821030.6,-73.28634,116.681
1633768,-821034.1,-73.28651,116.6814
1633746,-821037.4,-73.28667,116.6818
1633723,-821040.4,-73.28683,116.6822
1633702,-821044.2,-73.28699,116.6826
1633679,-821047.8,-73.28716,116.683
1633658,-821051.2,-73.28732,116.6834
1633635,-821054.9,-73.28749,116.6838
1633614,-821058.8,-73.28765,116.6842
1633591,-821061.9,-73.28781,116.6846
1633569,-821065.7,-73.28798,116.6851
1633547,-821069.3,-73.28814,116.6855
1633525,-821072.9,-73.28831,116.6859
1633503,-821076.3,-73.28847,116.6863
1633481,-821080.2,-73.28863,116.6867
1633458,-821083.8,-73.2888,116.6871
1633437,-821087.6,-73.28896,116.6875
1633414,-821090.4,-73.28912,116.6879
1633393,-821094.7,-73.28928,116.6883
1633370,-821097.8,-73.28945,116.6888
1633348,-821101.7,-73.28961,116.6892
1633326,-821104.8,-73.28978,116.6896
1633304,-821108.8,-73.28994,116.69
1633281,-821111.9,-73.29011,116.6904
1633260,-821116.2,-73.29027,116.6908
1633238,-821119.8,-73.29043,116.6912
1633216,-821123.1,-73.2906,116.6916
1633193,-821126.7,-73.29076,116.692
1633172,-821130.9,-73.29092,116.6925
1633149,-821133.8,-73.29108,116.6929
1633128,-821138,-73.29124,116.6933
1633105,-821141.2,-73.29141,116.6937
1633083,-821144.8,-73.29157,116.6941
1633062,-821149.3,-73.29173,116.6945
1633039,-821152.4,-73.2919,116.6949
1633016,-821156.3,-73.29206,116.6954
1632994,-821159.4,-73.29223,116.6958
1632972,-821163.8,-73.29239,116.6962
1632950,-821167.2,-73.29256,116.6966
1632928,-821170.3,-73.29272,116.697
1632907,-821174.7,-73.29288,116.6974
1632884,-821178.2,-73.29305,116.6978
1632862,-821181.4,-73.29321,116.6982
1632840,-821184.8,-73.29337,116.6987
1632818,-821188.6,-73.29353,116.6991
1632796,-821192.2,-73.29369,116.6995
1632773,-821195.8,-73.29386,116.6999
1632752,-821199.2,-73.29402,116.7003
1632730,-821202.7,-73.29419,116.7007
1632708,-821206.7,-73.29435,116.7011
1632686,-821210.1,-73.29451,116.7015
1632663,-821213.6,-73.29468,116.7019
1632641,-821216.8,-73.29484,116.7024
1632619,-821220.6,-73.29501,116.7028
1632598,-821224.1,-73.29517,116.7032
1632575,-821227.6,-73.29533,116.7036
1632554,-821231.8,-73.29549,116.704
1632532,-821235.3,-73.29565,116.7044
1632511,-821238.4,-73.29581,116.7048
1632488,-821242.2,-73.29597,116.7052
1632467,-821245.8,-73.29613,116.7056
1632444,-821249.3,-73.2963,116.706
1632423,-821253.1,-73.29645,116.7064
1632402,-821256.6,-73.29661,116.7068
1632380,-821260.4,-73.29677,116.7072
1632359,-821263.9,-73.29693,116.7076
1632336,-821267.8,-73.29709,116.7081
1632315,-821271.3,-73.29724,116.7085
1632294,-821274.7,-73.2974,116.7089
1632272,-821278.6,-73.29756,116.7093
1632251,-821282.4,-73.29771,116.7097
1632230,-821286.2,-73.29787,116.7101
1632209,-821290.1,-73.29803,116.7105
1632188,-821293.8,-73.29818,116.7109
1632166,-821297.8,-73.29834,116.7113
1632146,-821301.9,-73.29849,116.7117
1632123,-821305.8,-73.29865,116.7121
1632102,-821309.2,-73.29881,116.7125
1632081,-821313.5,-73.29896,116.7129
1632060,-821317.2,-73.29912,116.7134
1632039,-821321,-73.29927,116.7138
1632019,-821325.6,-73.29942,116.7142
1631997,-821329.5,-73.29958,116.7146
1631975,-821333.4,-73.29973,116.715
1631955,-821337.1,-73.29988,116.7154
1631934,-821341.3,-73.30003,116.7158
1631913,-821345.4,-73.30019,116.7162
1631892,-821349.8,-73.30034,116.7166
1631871,-821353.5,-73.30049,116.717
1631850,-821358.1,-73.30064,116.7174
1631829,-821361.5,-73.3008,116.7178
1631808,-821365.8,-73.30095,116.7183
1631787,-821369.8,-73.3011,116.7187
1631766,-821373.6,-73.30125,116.7191
1631745,-821378.2,-73.30141,116.7195
1631725,-821382.4,-73.30155,116.7199
1631704,-821386.2,-73.3017,116.7203
1631683,-821390.5,-73.30186,116.7207
1631662,-821394.6,-73.30201,116.7211
1631640,-821398.8,-73.30216,116.7215
1631620,-821402.9,-73.30231,116.722
1631600,-821407.1,-73.30246,116.7224
1631579,-821411.7,-73.30261,116.7228
1631558,-821415.4,-73.30276,116.7232
1631538,-821419.8,-73.30291,116.7236
1631517,-821424.2,-73.30306,116.724
1631496,-821428,-73.30321,116.7244
1631475,-821432.2,-73.30336,116.7248
1631454,-821436.4,-73.30351,116.7252
1631434,-821440.6,-73.30366,116.7256
1631413,-821445.1,-73.30381,116.7261
1631392,-821448.8,-73.30396,116.7265
1631370,-821453.1,-73.30412,116.7269
1631350,-821457.5,-73.30426,116.7273
1631330,-821461.8,-73.30441,116.7277
1631310,-821466.4,-73.30456,116.7281
1631288,-821469.8,-73.30471,116.7285
1631268,-821474.8,-73.30486,116.7289
1631247,-821478.5,-73.30501,116.7293
1631226,-821483,-73.30515,116.7297
1631206,-821487.2,-73.30531,116.7302
1631186,-821491.6,-73.30545,116.7306
1631165,-821495.5,-73.3056,116.731
1631144,-821500.1,-73.30575,116.7314
1631124,-821504.2,-73.3059,116.7318
1631104,-821508.8,-73.30605,116.7322
1631082,-821512.5,-73.3062,116.7326
1631062,-821516.6,-73.30634,116.733
1631041,-821521.6,-73.3065,116.7334
1631020,-821525.3,-73.30664,116.7338
1631000,-821529.6,-73.30679,116.7343
1630980,-821534.1,-73.30694,116.7347
1630960,-821538.6,-73.30708,116.7351
1630939,-821543.2,-73.30724,116.7355
1630918,-821547.3,-73.30738,116.7359
1630897,-821551.5,-73.30753,116.7363
1630877,-821555.6,-73.30768,116.7367
1630857,-821560.1,-73.30782,116.7371
1630836,-821564.4,-73.30798,116.7375
1630815,-821568.8,-73.30812,116.738
1630794,-821573.1,-73.30827,116.7384
1630774,-821576.8,-73.30842,116.7388
1630754,-821581.2,-73.30856,116.7392
1630733,-821585.8,-73.30872,116.7396
1630712,-821589.6,-73.30886,116.74
1630692,-821594.6,-73.30901,116.7404
1630672,-821598.8,-73.30915,116.7408
1630652,-821603.1,-73.3093,116.7412
1630630,-821607.4,-73.30945,116.7416
1630610,-821611.8,-73.30959,116.7421
1630590,-821616.3,-73.30974,116.7425
1630570,-821620.6,-73.30989,116.7429
1630550,-821625.4,-73.31003,116.7433
1630528,-821629.6,-73.31018,116.7437
1630508,-821634,-73.31033,116.7441
1630488,-821638.2,-73.31047,116.7445
1630468,-821642.7,-73.31062,116.7449
1630448,-821646.9,-73.31076,116.7453
1630427,-821651.1,-73.31091,116.7458
1630408,-821655.9,-73.31105,116.7462
1630387,-821660.1,-73.3112,116.7466
1630366,-821664.2,-73.31135,116.747
1630346,-821668.9,-73.31149,116.7474
1630326,-821673.7,-73.31164,116.7478
1630306,-821678,-73.31178,116.7482
1630286,-821682.2,-73.31192,116.7486
1630266,-821686.7,-73.31207,116.749
1630245,-821691.2,-73.31221,116.7494
1630226,-821695.3,-73.31236,116.7498
1630205,-821700.2,-73.3125,116.7503
1630186,-821704.4,-73.31264,116.7507
1630165,-821708.9,-73.31279,116.7511
1630144,-821713.3,-73.31293,116.7515
1630125,-821717.8,-73.31307,116.7519
1630105,-821722.7,-73.31322,116.7523
1630084,-821726.9,-73.31336,116.7527
1630064,-821731.4,-73.31351,116.7531
1630044,-821735.9,-73.31365,116.7535
1630025,-821740.2,-73.31379,116.7539
1630004,-821744.9,-73.31394,116.7544
1629984,-821749.8,-73.31408,116.7548
1629964,-821753.9,-73.31422,116.7552
1629944,-821758.4,-73.31437,116.7556
1629924,-821763.2,-73.31451,116.756
1629903,-821766.9,-73.31466,116.7564
1629884,-821771.9,-73.3148,116.7568
1629863,-821776.3,-73.31494,116.7572
1629843,-821780.9,-73.31509,116.7576
1629824,-821785.6,-73.31522,116.758
1629804,-821790.2,-73.31537,116.7585
1629783,-821794.3,-73.31551,116.7589
1629763,-821798.4,-73.31566,116.7593
1629743,-821803.2,-73.3158,116.7597
1629723,-821807.7,-73.31594,116.7601
1629703,-821811.9,-73.31609,116.7605
1629684,-821816.8,-73.31623,116.7609
1629663,-821820.5,-73.31638,116.7613
1629643,-821825.4,-73.31652,116.7617
1629623,-821829.5,-73.31667,116.7621
1629602,-821834,-73.31681,116.7625
1629582,-821837.8,-73.31696,116.7629
1629562,-821842.3,-73.3171,116.7633
1629542,-821846.8,-73.31725,116.7637
1629522,-821850.9,-73.31739,116.7641
1629501,-821855.4,-73.31754,116.7645
1629481,-821859.4,-73.31768,116.765
1629461,-821863.6,-73.31783,116.7654
1629441,-821868.6,-73.31797,116.7658
1629421,-821872.6,-73.31812,116.7662
1629401,-821876.3,-73.31826,116.7666
1629380,-821880.9,-73.31841,116.767
1629360,-821885.3,-73.31855,116.7674
1629340,-821889.5,-73.3187,116.7678
1629320,-821893.6,-73.31884,116.7682
1629300,-821898.4,-73.31898,116.7686
1629280,-821902.5,-73.31913,116.769
1629259,-821906.9,-73.31927,116.7694
1629240,-821911.6,-73.31942,116.7698
1629219,-821915.6,-73.31956,116.7702
1629199,-821919.8,-73.31971,116.7706
1629179,-821924.3,-73.31985,116.771
1629159,-821928.8,-73.32,116.7715
1629138,-821933.2,-73.32014,116.7719
1629118,-821937.1,-73.32029,116.7723
1629098,-821941.5,-73.32043,116.7727
1629078,-821946.4,-73.32058,116.7731
1629057,-821950.5,-73.32072,116.7735
1629036,-821954.6,-73.32088,116.7739
1629016,-821959.1,-73.32102,116.7743
1628997,-821963.6,-73.32116,116.7747
1628976,-821968.6,-73.32131,116.7751
1628956,-821972.6,-73.32146,116.7756
1628935,-821976.8,-73.3216,116.776
1628915,-821981.1,-73.32175,116.7764
1628895,-821985.7,-73.32189,116.7768
1628874,-821990.2,-73.32204,116.7772
1628854,-821994.3,-73.32218,116.7776
1628834,-821998.9,-73.32233,116.778
1628814,-822003.7,-73.32247,116.7784
1628794,-822008.1,-73.32262,116.7788
1628773,-822012.8,-73.32277,116.7793
1628752,-822016.4,-73.32291,116.7797
1628732,-822021.3,-73.32306,116.7801
1628712,-822025.8,-73.3232,116.7805
1628691,-822030,-73.32335,116.7809
1628670,-822035.2,-73.32349,116.7813
1628651,-822039.3,-73.32364,116.7817
1628631,-822043.8,-73.32378,116.7822
1628609,-822048.4,-73.32394,116.7826
1628589,-822052.4,-73.32408,116.783
1628570,-822057.4,-73.32422,116.7834
1628548,-822062.1,-73.32437,116.7838
1628528,-822066.6,-73.32452,116.7842
1628507,-822071.2,-73.32466,116.7847
1628487,-822075.6,-73.32481,116.7851
1628467,-822080.6,-73.32495,116.7855
1628446,-822084.8,-73.3251,116.7859
1628425,-822089.2,-73.32525,116.7863
1628405,-822094.1,-73.32539,116.7868
1628385,-822098.6,-73.32554,116.7872
1628364,-822103.1,-73.32568,116.7876
1628343,-822107.6,-73.32584,116.788
1628323,-822112.4,-73.32598,116.7884
1628302,-822117,-73.32613,116.7889
1628282,-822121.8,-73.32627,116.7893
1628262,-822126.8,-73.32642,116.7897
1628240,-822130.8,-73.32657,116.7901
1628220,-822135,-73.32671,116.7905
1628200,-822140.7,-73.32686,116.791
1628179,-822144.8,-73.327,116.7914
1628159,-822149.6,-73.32715,116.7918
1628137,-822153.8,-73.3273,116.7922
1628118,-822158.9,-73.32745,116.7926
1628097,-822163.6,-73.32759,116.7931
1628076,-822168.3,-73.32774,116.7935
1628056,-822173.3,-73.32788,116.7939
1628035,-822178.1,-73.32803,116.7943
1628014,-822182.2,-73.32818,116.7948
1627994,-822186.8,-73.32832,116.7952
1627973,-822191.6,-73.32848,116.7956
1627953,-822196.5,-73.32862,116.796
1627931,-822200.8,-73.32877,116.7965
1627911,-822205.6,-73.32892,116.7969
1627891,-822210.5,-73.32906,116.7973
1627870,-822215.6,-73.32921,116.7977
1627850,-822219.9,-73.32935,116.7982
1627828,-822224.7,-73.32951,116.7986
1627808,-822229.9,-73.32965,116.799
1627788,-822234.9,-73.3298,116.7994
1627766,-822239.6,-73.32994,116.7999
1627746,-822244.6,-73.33009,116.8003
1627725,-822249.4,-73.33024,116.8007
1627704,-822254.8,-73.33038,116.8012
1627684,-822259.4,-73.33053,116.8016
1627663,-822264.9,-73.33067,116.802
1627642,-822269.7,-73.33082,116.8025
1627621,-822274.6,-73.33096,116.8029
1627600,-822279.9,-73.33112,116.8034
1627580,-822285.6,-73.33125,116.8038
1627558,-822290.1,-73.33141,116.8042
1627539,-822296.4,-73.33154,116.8047
1627518,-822301.2,-73.33169,116.8051
1627497,-822306.9,-73.33183,116.8056
1627476,-822312.9,-73.33198,116.806
1627456,-822318.6,-73.33212,116.8065
1627435,-822324.2,-73.33226,116.8069
1627415,-822330.1,-73.33241,116.8074
1627393,-822336.2,-73.33255,116.8079
1627374,-822342.3,-73.33269,116.8083
1627352,-822348.2,-73.33283,116.8088
1627332,-822354.6,-73.33297,116.8093
1627312,-822360.9,-73.33311,116.8097
1627291,-822367.1,-73.33325,116.8102
1627270,-822373.4,-73.33339,116.8107
1627250,-822379.8,-73.33353,116.8111
1627229,-822386.2,-73.33367,116.8116
1627209,-822392.5,-73.33381,116.8121
1627188,-822399,-73.33395,116.8126
1627167,-822405.3,-73.33409,116.813
1627148,-822412.8,-73.33422,116.8135
1627126,-822419.2,-73.33437,116.814
1627106,-822425.9,-73.3345,116.8145
1627085,-822433.1,-73.33464,116.815
1627064,-822439.4,-73.33478,116.8154
1627044,-822446.2,-73.33492,116.8159
1627023,-822453.6,-73.33505,116.8164
1627004,-822460.8,-73.33518,116.8169
1626982,-822467.6,-73.33533,116.8174
1626962,-822474.8,-73.33546,116.8179
1626942,-822482.2,-73.33559,116.8184
1626921,-822489.2,-73.33573,116.8189
1626901,-822496.1,-73.33586,116.8193
1626880,-822503.5,-73.336,116.8198
1626860,-822511.1,-73.33614,116.8203
1626840,-822518.1,-73.33627,116.8208
1626819,-822525.7,-73.3364,116.8213
1626798,-822532.8,-73.33654,116.8218
1626778,-822540.7,-73.33667,116.8223
1626758,-822548.1,-73.33681,116.8228
1626737,-822555.2,-73.33694,116.8233
1626717,-822562.8,-73.33707,116.8238
1626696,-822569.9,-73.33721,116.8243
1626676,-822577.7,-73.33734,116.8248
1626656,-822585.2,-73.33748,116.8253
1626635,-822592.9,-73.33761,116.8258
1626614,-822600.2,-73.33775,116.8263
1626594,-822608.2,-73.33788,116.8268
1626573,-822615.6,-73.33801,116.8273
1626553,-822623.6,-73.33814,116.8278
1626532,-822631,-73.33828,116.8283
1626512,-822638.9,-73.33841,116.8289
1626492,-822646.4,-73.33855,116.8294
1626471,-822654.2,-73.33868,116.8299
1626451,-822661.8,-73.33881,116.8304
1626431,-822669.2,-73.33894,116.8309
1626409,-822677.4,-73.33908,116.8314
1626390,-822684.9,-73.33921,116.8319
1626370,-822692.9,-73.33934,116.8324
1626348,-822700.6,-73.33948,116.8329
1626328,-822708.6,-73.33961,116.8334
1626308,-822716.4,-73.33974,116.8339
1626288,-822723.9,-73.33987,116.8344
1626268,-822731.8,-73.34,116.8349
1626246,-822739.6,-73.34014,116.8355
1626226,-822747.5,-73.34027,116.836
1626206,-822755.3,-73.3404,116.8365
1626185,-822763.2,-73.34054,116.837
1626164,-822770.6,-73.34067,116.8375
1626144,-822778.2,-73.34081,116.838
1626124,-822786.1,-73.34093,116.8385
1626103,-822793.6,-73.34107,116.839
1626082,-822802.3,-73.3412,116.8395
1626062,-822809.4,-73.34134,116.84
1626042,-822817.6,-73.34147,116.8406
1626021,-822825.1,-73.34161,116.8411
1626001,-822833.2,-73.34174,116.8416
1625980,-822840.8,-73.34187,116.8421
1625960,-822849.4,-73.342,116.8426
1625939,-822856.4,-73.34213,116.8431
1625918,-822864.4,-73.34227,116.8436
1625898,-822872.2,-73.3424,116.8441
1625878,-822880.1,-73.34254,116.8446
1625857,-822888,-73.34267,116.8451
1625837,-822895.6,-73.3428,116.8456
1625816,-822903.8,-73.34293,116.8462
1625795,-822911.2,-73.34307,116.8467
1625775,-822919.5,-73.3432,116.8472
1625754,-822926.9,-73.34334,116.8477
1625734,-822934.8,-73.34347,116.8482
1625713,-822942.7,-73.34361,116.8487
1625693,-822950.6,-73.34373,116.8492
1625672,-822958,-73.34387,116.8497
1625652,-822966.3,-73.344,116.8503
1625632,-822973.8,-73.34413,116.8508
1625610,-822981.6,-73.34427,116.8513
1625590,-822989.5,-73.34441,116.8518
1625569,-822997.4,-73.34454,116.8523
1625549,-823004.6,-73.34467,116.8528
1625528,-823012.2,-73.3448,116.8533
1625508,-823020.6,-73.34494,116.8538
1625488,-823028,-73.34507,116.8543
1625468,-823035.9,-73.3452,116.8548
1625446,-823043.8,-73.34534,116.8553
1625426,-823051.2,-73.34547,116.8559
1625405,-823059.9,-73.3456,116.8564
1625384,-823067.4,-73.34574,116.8569
1625365,-823074.8,-73.34587,116.8574
1625344,-823082.7,-73.34601,116.8579
1625324,-823090.6,-73.34614,116.8584
1625302,-823098.4,-73.34628,116.8589
1625282,-823106.2,-73.34641,116.8594
1625262,-823113.8,-73.34654,116.8599
1625241,-823121.7,-73.34667,116.8605
1625221,-823129.5,-73.34681,116.861
1625200,-823137.1,-73.34695,116.8615
1625179,-823144.5,-73.34708,116.862
1625159,-823152.6,-73.34721,116.8625
1625138,-823160.6,-73.34734,116.863
1625117,-823168,-73.34748,116.8635
1625096,-823175.5,-73.34762,116.864
1625076,-823183.5,-73.34775,116.8645
1625056,-823191.1,-73.34788,116.865
1625035,-823199.4,-73.34801,116.8656
1625014,-823206.7,-73.34815,116.8661
1624994,-823214.4,-73.34828,116.8666
1624972,-823221.9,-73.34842,116.8671
1624953,-823230.2,-73.34855,116.8676
1624932,-823237.9,-73.34869,116.8681
1624911,-823245.1,-73.34882,116.8686
1624891,-823253.2,-73.34895,116.8691
1624870,-823260.5,-73.34909,116.8696
1624849,-823267.9,-73.34923,116.8701
1624829,-823276.1,-73.34936,116.8706
1624808,-823283.6,-73.34949,116.8711
1624788,-823291.4,-73.34962,116.8717
1624767,-823298.9,-73.34976,116.8722
1624746,-823306.4,-73.3499,116.8727
1624725,-823314.8,-73.35004,116.8732
1624705,-823322.4,-73.35017,116.8737
1624685,-823329.7,-73.3503,116.8742
1624664,-823337.5,-73.35044,116.8747
1624643,-823345.3,-73.35057,116.8752
1624622,-823352.8,-73.35071,116.8757
1624602,-823360.3,-73.35085,116.8762
1624581,-823367.8,-73.35098,116.8767
1624561,-823375.9,-73.35111,116.8773
1624540,-823383.1,-73.35125,116.8778
1624519,-823390.6,-73.35138,116.8783
1624498,-823398.4,-73.35152,116.8788
1624478,-823405.9,-73.35165,116.8793
1624457,-823413.8,-73.35179,116.8798
1624437,-823421.6,-73.35192,116.8803
1624416,-823428.7,-73.35206,116.8808
1624395,-823436.6,-73.3522,116.8813
1624375,-823444.4,-73.35233,116.8818
1624354,-823451.8,-73.35246,116.8823
1624334,-823459.4,-73.3526,116.8828
1624312,-823466.5,-73.35274,116.8833
1624291,-823474,-73.35287,116.8838
1624271,-823481.8,-73.353,116.8843
1624250,-823489.7,-73.35314,116.8849
1624230,-823496.7,-73.35328,116.8854
1624210,-823504.7,-73.35341,116.8859
1624189,-823512.5,-73.35355,116.8864
1624168,-823519.9,-73.35368,116.8869
1624147,-823527.4,-73.35382,116.8874
1624126,-823534.9,-73.35396,116.8879
1624106,-823542.7,-73.35409,116.8884
1624085,-823550.1,-73.35423,116.8889
1624064,-823557.7,-73.35436,116.8894
1624044,-823565.4,-73.35449,116.8899
1624022,-823572.2,-73.35464,116.8904
1624003,-823580.4,-73.35477,116.8909
1623981,-823587.9,-73.3549,116.8914
1623961,-823595.1,-73.35504,116.8919
1623940,-823602.8,-73.35517,116.8924
1623920,-823610.8,-73.35531,116.893
1623899,-823618.2,-73.35545,116.8935
1623878,-823626,-73.35558,116.894
1623858,-823633.9,-73.35571,116.8945
1623837,-823641.3,-73.35585,116.895
1623816,-823648.8,-73.35599,116.8955
1623796,-823656.6,-73.35612,116.896
1623775,-823664.2,-73.35625,116.8965
1623754,-823671.9,-73.35639,116.897
1623734,-823679.4,-73.35652,116.8975
1623712,-823687.2,-73.35666,116.8981
1623693,-823694.7,-73.3568,116.8986
1623672,-823702.5,-73.35693,116.8991
1623651,-823710.4,-73.35706,116.8996
1623630,-823718.6,-73.35719,116.9001
1623610,-823726,-73.35733,116.9006
1623589,-823734.2,-73.35746,116.9011
1623569,-823742,-73.35759,116.9016
1623548,-823750.4,-73.35773,116.9022
1623528,-823758.5,-73.35786,116.9027
1623507,-823766.8,-73.35799,116.9032
1623486,-823774.9,-73.35812,116.9037
1623467,-823783.6,-73.35825,116.9043
1623446,-823791.7,-73.35838,116.9048
1623426,-823800.3,-73.35851,116.9053
1623405,-823809.2,-73.35863,116.9059
1623385,-823817.8,-73.35876,116.9064
1623365,-823826.8,-73.35889,116.9069
1623345,-823836.1,-73.35902,116.9075
1623325,-823845.1,-73.35914,116.908
1623305,-823853.6,-73.35927,116.9085
1623285,-823862.9,-73.35939,116.9091
1623265,-823871.8,-73.35951,116.9096
1623244,-823881.2,-73.35964,116.9102
1623224,-823890,-73.35976,116.9107
1623204,-823899.8,-73.35989,116.9113
1623184,-823909.1,-73.36001,116.9118
1623164,-823918.3,-73.36013,116.9124
1623144,-823928.1,-73.36025,116.9129
1623124,-823938.4,-73.36037,116.9135
1623104,-823947.5,-73.36049,116.914
1623084,-823957.4,-73.36061,116.9146
1623065,-823967.6,-73.36073,116.9151
1623044,-823977.6,-73.36085,116.9157
1623025,-823987.6,-73.36096,116.9163
1623006,-823997.6,-73.36108,116.9168
1622986,-824007.7,-73.3612,116.9174
1622966,-824017.8,-73.36131,116.918
1622947,-824028.2,-73.36143,116.9185
1622928,-824038.5,-73.36154,116.9191
1622908,-824049,-73.36166,116.9197
1622888,-824059,-73.36178,116.9202
1622869,-824069.9,-73.36189,116.9208
1622849,-824079.8,-73.362,116.9214
1622830,-824091.1,-73.36211,116.922
1622810,-824101.4,-73.36223,116.9225
1622791,-824111.9,-73.36234,116.9231
1622771,-824122.2,-73.36246,116.9237
1622752,-824133,-73.36256,116.9243
1622732,-824144.1,-73.36268,116.9248
1622712,-824154.6,-73.36279,116.9254
1622694,-824165.4,-73.36291,116.926
1622674,-824176.1,-73.36301,116.9266
1622655,-824186.6,-73.36313,116.9271
1622635,-824197.7,-73.36324,116.9277
1622616,-824208.9,-73.36335,116.9283
1622596,-824220.1,-73.36346,116.9289
1622578,-824230.8,-73.36357,116.9295
1622559,-824241.8,-73.36368,116.9301
1622539,-824252.8,-73.36379,116.9307
1622520,-824263.4,-73.3639,116.9312
1622500,-824274.9,-73.36401,116.9318
1622481,-824285.8,-73.36412,116.9324
1622463,-824297.2,-73.36423,116.933
1622442,-824307.8,-73.36434,116.9336
1622423,-824319.2,-73.36445,116.9342
1622405,-824330,-73.36456,116.9347
1622385,-824341.5,-73.36467,116.9353
1622366,-824352.2,-73.36478,116.9359
1622347,-824364,-73.36488,116.9365
1622328,-824374.9,-73.36499,116.9371
1622308,-824385.2,-73.3651,116.9377
1622289,-824396.8,-73.36521,116.9383
1622270,-824408.2,-73.36532,116.9389
1622250,-824419.4,-73.36543,116.9394
1622232,-824430.6,-73.36554,116.94
1622212,-824441.6,-73.36565,116.9406
1622193,-824453.2,-73.36575,116.9412
1622175,-824464.4,-73.36586,116.9418
1622155,-824475.6,-73.36597,116.9424
1622135,-824486.6,-73.36608,116.943
1622116,-824497.4,-73.36619,116.9436
1622098,-824509.3,-73.36629,116.9441
1622078,-824519.9,-73.3664,116.9447
1622059,-824531.2,-73.36651,116.9453
1622040,-824542.6,-73.36662,116.9459
1622021,-824554.2,-73.36672,116.9465
1622002,-824565.2,-73.36684,116.9471
1621982,-824576.8,-73.36694,116.9477
1621964,-824587.6,-73.36705,116.9483
1621944,-824599.3,-73.36716,116.9489
1621926,-824610.2,-73.36726,116.9494
1621906,-824621.7,-73.36737,116.95
1621887,-824633.6,-73.36748,116.9506
1621868,-824644.3,-73.36758,116.9512
1621849,-824655.9,-73.36769,116.9518
1621831,-824667.7,-73.36779,116.9524
1621811,-824678.8,-73.3679,116.953
1621792,-824690.4,-73.368,116.9536
1621774,-824701.8,-73.36811,116.9542
1621754,-824713.8,-73.36822,116.9548
1621736,-824725.5,-73.36832,116.9554
1621717,-824737.6,-73.36842,116.956
1621698,-824748.8,-73.36852,116.9566
1621679,-824760.3,-73.36863,116.9572
1621660,-824772.7,-73.36873,116.9578
1621642,-824784.8,-73.36883,116.9584
1621624,-824796.7,-73.36893,116.959
1621605,-824809.2,-73.36903,116.9596
1621586,-824821.2,-73.36913,116.9602
1621568,-824834.2,-73.36922,116.9608
1621549,-824846.6,-73.36932,116.9614
1621532,-824859,-73.36942,116.962
1621512,-824871.2,-73.36951,116.9627
1621495,-824884.1,-73.36961,116.9633
1621476,-824896.3,-73.36971,116.9639
1621458,-824909.2,-73.3698,116.9645
1621440,-824922.2,-73.36989,116.9651
1621422,-824935.5,-73.36998,116.9658
1621404,-824948.4,-73.37007,116.9664
1621386,-824962.2,-73.37016,116.967
1621368,-824974.4,-73.37025,116.9676
1621351,-824988.1,-73.37034,116.9682
1621332,-825001.1,-73.37043,116.9689
1621314,-825014.3,-73.37052,116.9695
1621297,-825028.4,-73.37061,116.9701
1621279,-825041,-73.3707,116.9708
1621262,-825054.6,-73.37078,116.9714
1621244,-825068.4,-73.37087,116.972
1621226,-825082.1,-73.37096,116.9727
1621209,-825095.2,-73.37104,116.9733
1621192,-825109.4,-73.37112,116.9739
1621174,-825123,-73.37121,116.9746
1621156,-825137.1,-73.37129,116.9752
1621139,-825150.4,-73.37138,116.9758
1621122,-825164.4,-73.37146,116.9765
1621104,-825178.4,-73.37154,116.9771
1621087,-825192.6,-73.37162,116.9778
1621069,-825206.5,-73.3717,116.9784
1621053,-825220.9,-73.37178,116.979
1621035,-825234.6,-73.37186,116.9797
1621017,-825249,-73.37195,116.9803
1621000,-825262.6,-73.37202,116.981
1620984,-825277.9,-73.3721,116.9816
1620966,-825291.1,-73.37218,116.9823
1620950,-825305.6,-73.37226,116.9829
1620932,-825320.4,-73.37234,116.9836
1620916,-825334.4,-73.37242,116.9842
1620898,-825348.3,-73.3725,116.9848
1620881,-825363.2,-73.37257,116.9855
1620865,-825377.1,-73.37265,116.9861
1620847,-825391.9,-73.37273,116.9868
1620830,-825406.4,-73.37281,116.9874
1620814,-825420.8,-73.37289,116.9881
1620796,-825434.8,-73.37296,116.9887
1620780,-825449.9,-73.37304,116.9894
1620763,-825464.4,-73.37312,116.99
1620746,-825478.7,-73.37319,116.9907
1620729,-825492.4,-73.37327,116.9913
1620712,-825508.2,-73.37334,116.992
1620695,-825521.8,-73.37342,116.9926
1620678,-825537.1,-73.3735,116.9933
1620661,-825551.4,-73.37357,116.9939
1620645,-825566.1,-73.37364,116.9946
1620628,-825580.8,-73.37372,116.9952
1620612,-825595.2,-73.37379,116.9959
1620594,-825610.1,-73.37387,116.9965
1620578,-825624.8,-73.37395,116.9972
1620561,-825638.9,-73.37402,116.9978
1620544,-825654,-73.3741,116.9985
1620528,-825668.7,-73.37417,116.9991
1620510,-825682.8,-73.37424,116.9998
1620494,-825698.2,-73.37432,117.0004
1620476,-825712.2,-73.3744,117.0011
1620460,-825727,-73.37447,117.0017
1620444,-825741.7,-73.37454,117.0024
1620427,-825756.4,-73.37462,117.003
1620410,-825771.2,-73.37469,117.0037
1620393,-825785.6,-73.37477,117.0043
1620377,-825800.7,-73.37484,117.005
1620359,-825815.1,-73.37492,117.0056
1620343,-825829.5,-73.37499,117.0063
1620326,-825844.7,-73.37507,117.0069
1620310,-825859.4,-73.37514,117.0076
1620293,-825874.6,-73.37521,117.0083
1620276,-825888.9,-73.37529,117.0089
1620260,-825903.7,-73.37536,117.0095
1620242,-825918.5,-73.37543,117.0102
1620226,-825933.2,-73.37551,117.0108
1620209,-825947.6,-73.37559,117.0115
1620192,-825962.6,-73.37566,117.0122
1620176,-825977,-73.37573,117.0128
1620159,-825991.8,-73.37581,117.0135
1620143,-826006.9,-73.37588,117.0141
1620125,-826020.9,-73.37595,117.0148
1620109,-826036,-73.37603,117.0154
1620093,-826050.8,-73.3761,117.0161
1620076,-826065.2,-73.37617,117.0167
1620059,-826079.9,-73.37625,117.0174
1620043,-826094.6,-73.37632,117.018
1620025,-826108.9,-73.3764,117.0187
1620009,-826124.1,-73.37647,117.0193
1619991,-826138.9,-73.37655,117.02
1619975,-826153.6,-73.37662,117.0206
1619959,-826168.1,-73.37669,117.0213
1619942,-826183.2,-73.37677,117.0219
1619926,-826197.8,-73.37684,117.0226
1619909,-826212.6,-73.37691,117.0232
1619892,-826227.3,-73.37698,117.0239
1619876,-826242.1,-73.37706,117.0245
1619860,-826257.2,-73.37713,117.0252
1619842,-826271.6,-73.3772,117.0258
1619826,-826286.8,-73.37727,117.0265
1619809,-826301.4,-73.37735,117.0272
1619793,-826316.6,-73.37742,117.0278
1619776,-826331.2,-73.37749,117.0285
1619760,-826346.4,-73.37756,117.0291
1619744,-826360.6,-73.37763,117.0298
1619726,-826375.9,-73.37771,117.0304
1619711,-826390.9,-73.37778,117.0311
1619694,-826406.4,-73.37785,117.0318
1619678,-826421.1,-73.37791,117.0324
1619662,-826436.6,-73.37798,117.0331
1619645,-826452,-73.37805,117.0337
1619628,-826466.8,-73.37812,117.0344
1619613,-826482.6,-73.37818,117.0351
1619597,-826498.1,-73.37825,117.0357
1619581,-826513.2,-73.37831,117.0364
1619564,-826529.1,-73.37838,117.037
1619549,-826544.1,-73.37844,117.0377
1619534,-826560.7,-73.3785,117.0384
1619518,-826576.1,-73.37856,117.039
1619503,-826591.9,-73.37862,117.0397
1619487,-826608.1,-73.37868,117.0404
1619471,-826624,-73.37875,117.0411
1619455,-826639.3,-73.37881,117.0417
1619440,-826655.6,-73.37887,117.0424
1619424,-826671.8,-73.37892,117.0431
1619409,-826687.9,-73.37898,117.0437
1619393,-826703.8,-73.37904,117.0444
1619378,-826719.9,-73.3791,117.0451
1619362,-826736.4,-73.37915,117.0458
1619348,-826752.7,-73.37921,117.0464
1619332,-826769.2,-73.37926,117.0471
1619317,-826785.3,-73.37932,117.0478
1619302,-826801.6,-73.37937,117.0485
1619287,-826818.4,-73.37943,117.0492
1619272,-826834.9,-73.37948,117.0498
1619257,-826851.5,-73.37953,117.0505
1619242,-826868.1,-73.37959,117.0512
1619227,-826884.5,-73.37963,117.0519
1619212,-826901.4,-73.37968,117.0526
1619197,-826917.9,-73.37974,117.0532
1619181,-826934.4,-73.37979,117.0539
1619168,-826951.4,-73.37984,117.0546
1619152,-826967.9,-73.37989,117.0553
1619138,-826985.6,-73.37994,117.056
1619124,-827002.1,-73.37998,117.0566
1619108,-827018.6,-73.38004,117.0573
1619094,-827035.6,-73.38008,117.058
1619080,-827052.4,-73.38013,117.0587
1619065,-827069.8,-73.38018,117.0594
1619050,-827086.2,-73.38023,117.0601
1619036,-827103.1,-73.38027,117.0607
1619022,-827120.8,-73.38032,117.0614
1619007,-827137.6,-73.38036,117.0621
1618992,-827154.9,-73.38041,117.0628
1618978,-827172.1,-73.38046,117.0635
1618964,-827189,-73.3805,117.0642
1618949,-827206.2,-73.38055,117.0649
1618934,-827223.1,-73.38059,117.0656
1618920,-827240.8,-73.38064,117.0663
1618906,-827257.7,-73.38068,117.0669
1618891,-827274.6,-73.38073,117.0676
1618877,-827292.1,-73.38078,117.0683
1618863,-827309.1,-73.38082,117.069
1618848,-827325.6,-73.38087,117.0697
1618833,-827343.1,-73.38091,117.0704
1618820,-827360.4,-73.38095,117.0711
1618805,-827378,-73.381,117.0718
1618792,-827394.9,-73.38104,117.0724
1618777,-827412.1,-73.38109,117.0731
1618762,-827429.1,-73.38113,117.0738
1618748,-827446.6,-73.38117,117.0745
1618734,-827464.3,-73.38122,117.0752
1618719,-827481.2,-73.38126,117.0759
1618705,-827498.4,-73.3813,117.0766
1618691,-827516,-73.38135,117.0773
1618676,-827532.8,-73.38139,117.078
1618662,-827550.1,-73.38144,117.0787
1618648,-827567.7,-73.38148,117.0793
1618634,-827585.1,-73.38152,117.08
1618619,-827602.2,-73.38157,117.0807
1618606,-827619.9,-73.38161,117.0814
1618591,-827637.1,-73.38165,117.0821
1618577,-827654.3,-73.3817,117.0828
1618563,-827671.5,-73.38174,117.0835
1618549,-827688.9,-73.38178,117.0842
1618535,-827706.3,-73.38182,117.0849
1618520,-827723.7,-73.38187,117.0855
1618506,-827740.9,-73.38191,117.0862
1618492,-827758.4,-73.38195,117.0869
1618478,-827775.7,-73.382,117.0876
1618463,-827792.6,-73.38204,117.0883
1618449,-827809.9,-73.38208,117.089
1618435,-827827.5,-73.38213,117.0897
1618421,-827845.1,-73.38216,117.0904
1618406,-827862.2,-73.38221,117.0911
1618392,-827879.6,-73.38226,117.0918
1618378,-827896.8,-73.38229,117.0924
1618364,-827914.4,-73.38234,117.0931
1618350,-827931.6,-73.38238,117.0938
1618336,-827948.9,-73.38242,117.0945
1618321,-827966,-73.38247,117.0952
1618307,-827983.7,-73.38251,117.0959
1618293,-828000.6,-73.38255,117.0966
1618278,-828017.9,-73.3826,117.0973
1618265,-828035.8,-73.38264,117.098
1618250,-828052.6,-73.38268,117.0987
1618237,-828070.2,-73.38272,117.0993
1618222,-828087.4,-73.38277,117.1
1618208,-828104.4,-73.38281,117.1007
1618194,-828121.6,-73.38285,117.1014
1618179,-828139.6,-73.3829,117.1021
1618165,-828156.8,-73.38293,117.1028
NaN,NaN,NaN,NaN
