2386884,-1019126,-66.43815,113.121
2386896,-1019106,-66.43813,113.1205
2386907,-1019085,-66.4381,113.12
2386918,-1019064,-66.43808,113.1194
2386931,-1019045,-66.43805,113.1189
2386942,-1019024,-66.43803,113.1184
2386954,-1019004,-66.438,113.1179
2386966,-1018983,-66.43798,113.1174
2386978,-1018963,-66.43796,113.1169
2386990,-1018943,-66.43793,113.1164
2387002,-1018922,-66.4379,113.1158
2387012,-1018901,-66.43788,113.1153
2387024,-1018881,-66.43786,113.1148
2387036,-1018860,-66.43784,113.1143
2387048,-1018840,-66.43781,113.1138
2387060,-1018820,-66.43778,113.1132
2387072,-1018799,-66.43776,113.1127
2387084,-1018778,-66.43774,113.1122
2387095,-1018758,-66.43771,113.1117
2387107,-1018737,-66.43769,113.1112
2387119,-1018717,-66.43766,113.1107
2387131,-1018696,-66.43764,113.1101
2387142,-1018676,-66.43761,113.1096
2387154,-1018655,-66.43759,113.1091
2387165,-1018636,-66.43757,113.1086
2387178,-1018614,-66.43754,113.1081
2387189,-1018594,-66.43752,113.1075
2387200,-1018574,-66.43749,113.107
2387212,-1018553,-66.43747,113.1065
2387224,-1018532,-66.43745,113.106
2387236,-1018511,-66.43742,113.1055
2387248,-1018492,-66.43739,113.105
2387259,-1018471,-66.43737,113.1044
2387271,-1018450,-66.43735,113.1039
2387282,-1018430,-66.43732,113.1034
2387294,-1018409,-66.4373,113.1029
2387307,-1018389,-66.43727,113.1024
2387319,-1018368,-66.43725,113.1018
2387329,-1018348,-66.43723,113.1013
2387342,-1018327,-66.4372,113.1008
2387353,-1018306,-66.43718,113.1003
2387366,-1018286,-66.43715,113.0998
2387377,-1018266,-66.43713,113.0993
2387388,-1018246,-66.4371,113.0987
2387400,-1018224,-66.43708,113.0982
2387412,-1018204,-66.43706,113.0977
2387424,-1018184,-66.43703,113.0972
2387436,-1018163,-66.437,113.0967
2387448,-1018142,-66.43698,113.0961
2387458,-1018122,-66.43696,113.0956
2387470,-1018102,-66.43694,113.0951
2387482,-1018081,-66.4369,113.0946
2387495,-1018060,-66.43688,113.0941
2387506,-1018040,-66.43686,113.0935
2387518,-1018019,-66.43684,113.093
2387529,-1017999,-66.43681,113.0925
2387541,-1017978,-66.43678,113.092
2387554,-1017958,-66.43676,113.0915
2387565,-1017938,-66.43674,113.091
2387577,-1017917,-66.43671,113.0904
2387589,-1017896,-66.43668,113.0899
2387601,-1017876,-66.43666,113.0894
2387612,-1017855,-66.43664,113.0889
2387624,-1017834,-66.43661,113.0884
2387636,-1017814,-66.43659,113.0878
2387648,-1017794,-66.43656,113.0873
2387659,-1017774,-66.43654,113.0868
2387671,-1017752,-66.43652,113.0863
2387682,-1017732,-66.43649,113.0858
2387694,-1017711,-66.43647,113.0853
2387707,-1017692,-66.43644,113.0847
2387718,-1017671,-66.43642,113.0842
2387730,-1017650,-66.43639,113.0837
2387742,-1017630,-66.43637,113.0832
2387754,-1017610,-66.43634,113.0827
2387765,-1017588,-66.43632,113.0821
2387777,-1017568,-66.43629,113.0816
2387788,-1017548,-66.43627,113.0811
2387800,-1017527,-66.43625,113.0806
2387812,-1017507,-66.43622,113.0801
2387824,-1017486,-66.4362,113.0795
2387836,-1017466,-66.43617,113.079
2387847,-1017445,-66.43615,113.0785
2387860,-1017424,-66.43612,113.078
2387871,-1017404,-66.4361,113.0775
2387883,-1017384,-66.43607,113.077
2387894,-1017362,-66.43605,113.0764
2387907,-1017342,-66.43602,113.0759
2387918,-1017321,-66.436,113.0754
2387930,-1017301,-66.43597,113.0749
2387942,-1017280,-66.43595,113.0743
2387953,-1017259,-66.43593,113.0738
2387966,-1017240,-66.4359,113.0733
2387977,-1017219,-66.43587,113.0728
2387989,-1017198,-66.43585,113.0723
2388000,-1017178,-66.43583,113.0718
2388012,-1017157,-66.4358,113.0712
2388024,-1017137,-66.43578,113.0707
2388036,-1017116,-66.43575,113.0702
2388047,-1017095,-66.43573,113.0697
2388059,-1017075,-66.43571,113.0692
2388071,-1017055,-66.43568,113.0686
2388084,-1017034,-66.43565,113.0681
2388095,-1017013,-66.43563,113.0676
2388106,-1016993,-66.43561,113.0671
2388119,-1016972,-66.43558,113.0666
2388130,-1016951,-66.43555,113.066
2388142,-1016931,-66.43553,113.0655
2388154,-1016910,-66.43551,113.065
2388166,-1016889,-66.43548,113.0645
2388178,-1016870,-66.43546,113.064
2388189,-1016848,-66.43543,113.0634
2388200,-1016828,-66.43541,113.0629
2388213,-1016807,-66.43539,113.0624
2388225,-1016787,-66.43536,113.0619
2388236,-1016767,-66.43533,113.0614
2388248,-1016746,-66.43531,113.0609
2388260,-1016725,-66.43529,113.0603
2388272,-1016706,-66.43526,113.0598
2388283,-1016684,-66.43523,113.0593
2388294,-1016664,-66.43521,113.0588
2388307,-1016643,-66.43519,113.0583
2388318,-1016623,-66.43517,113.0577
2388331,-1016602,-66.43513,113.0572
2388342,-1016582,-66.43511,113.0567
2388354,-1016561,-66.43509,113.0562
2388366,-1016541,-66.43507,113.0557
2388378,-1016520,-66.43504,113.0551
2388390,-1016500,-66.43501,113.0546
2388402,-1016479,-66.43499,113.0541
2388412,-1016458,-66.43497,113.0536
2388425,-1016438,-66.43494,113.0531
2388437,-1016417,-66.43491,113.0525
2388448,-1016397,-66.43489,113.052
2388460,-1016376,-66.43487,113.0515
2388471,-1016356,-66.43484,113.051
2388484,-1016335,-66.43481,113.0505
2388496,-1016315,-66.43479,113.05
2388507,-1016294,-66.43477,113.0494
2388518,-1016274,-66.43475,113.0489
2388530,-1016254,-66.43472,113.0484
2388543,-1016233,-66.43469,113.0479
2388554,-1016213,-66.43467,113.0474
2388565,-1016192,-66.43465,113.0469
2388578,-1016171,-66.43462,113.0463
2388590,-1016151,-66.43459,113.0458
2388600,-1016130,-66.43457,113.0453
2388613,-1016110,-66.43455,113.0448
2388624,-1016089,-66.43452,113.0443
2388637,-1016069,-66.43449,113.0437
2388648,-1016049,-66.43447,113.0432
2388659,-1016028,-66.43445,113.0427
2388672,-1016007,-66.43443,113.0422
2388684,-1015987,-66.43439,113.0417
2388696,-1015967,-66.43437,113.0412
2388706,-1015947,-66.43435,113.0406
2388718,-1015925,-66.43433,113.0401
2388730,-1015905,-66.4343,113.0396
2388742,-1015885,-66.43427,113.0391
2388754,-1015864,-66.43425,113.0386
2388766,-1015844,-66.43423,113.038
2388777,-1015823,-66.4342,113.0375
2388788,-1015803,-66.43418,113.037
2388801,-1015782,-66.43415,113.0365
2388812,-1015762,-66.43413,113.036
2388824,-1015741,-66.4341,113.0355
2388836,-1015721,-66.43408,113.035
2388848,-1015700,-66.43405,113.0344
2388860,-1015680,-66.43403,113.0339
2388871,-1015659,-66.43401,113.0334
2388882,-1015639,-66.43398,113.0329
2388894,-1015619,-66.43396,113.0324
2388906,-1015598,-66.43393,113.0319
2388918,-1015578,-66.43391,113.0313
2388930,-1015557,-66.43388,113.0308
2388941,-1015536,-66.43386,113.0303
2388953,-1015516,-66.43384,113.0298
2388964,-1015496,-66.43382,113.0293
2388976,-1015476,-66.43378,113.0288
2388987,-1015455,-66.43376,113.0282
2388999,-1015434,-66.43374,113.0277
2389011,-1015414,-66.43372,113.0272
2389023,-1015394,-66.43369,113.0267
2389034,-1015373,-66.43366,113.0262
2389047,-1015353,-66.43364,113.0257
2389058,-1015333,-66.43362,113.0251
2389069,-1015311,-66.43359,113.0246
2389081,-1015292,-66.43357,113.0241
2389093,-1015271,-66.43354,113.0236
2389105,-1015251,-66.43352,113.0231
2389116,-1015230,-66.43349,113.0226
2389128,-1015209,-66.43347,113.022
2389140,-1015189,-66.43345,113.0215
2389151,-1015169,-66.43343,113.021
2389163,-1015148,-66.4334,113.0205
2389175,-1015128,-66.43337,113.02
2389186,-1015107,-66.43335,113.0195
2389197,-1015087,-66.43333,113.019
2389209,-1015067,-66.4333,113.0184
2389220,-1015046,-66.43328,113.0179
2389233,-1015026,-66.43325,113.0174
2389244,-1015006,-66.43323,113.0169
2389256,-1014985,-66.4332,113.0164
2389268,-1014965,-66.43318,113.0159
2389279,-1014944,-66.43316,113.0153
2389291,-1014923,-66.43314,113.0148
2389303,-1014903,-66.43311,113.0143
2389314,-1014883,-66.43308,113.0138
2389326,-1014862,-66.43306,113.0133
2389338,-1014841,-66.43304,113.0128
2389348,-1014821,-66.43301,113.0122
2389360,-1014801,-66.43299,113.0117
2389372,-1014780,-66.43297,113.0112
2389384,-1014760,-66.43294,113.0107
2389396,-1014740,-66.43291,113.0102
2389407,-1014719,-66.43289,113.0097
2389418,-1014699,-66.43287,113.0092
2389430,-1014678,-66.43285,113.0086
2389442,-1014658,-66.43282,113.0081
2389452,-1014638,-66.4328,113.0076
2389465,-1014618,-66.43277,113.0071
2389477,-1014597,-66.43275,113.0066
2389489,-1014577,-66.43272,113.0061
2389500,-1014557,-66.4327,113.0056
2389512,-1014536,-66.43268,113.0051
2389523,-1014515,-66.43266,113.0045
2389534,-1014495,-66.43263,113.004
2389546,-1014475,-66.43261,113.0035
2389559,-1014454,-66.43258,113.003
2389570,-1014434,-66.43256,113.0025
2389581,-1014413,-66.43253,113.002
2389593,-1014393,-66.43251,113.0014
2389604,-1014372,-66.43249,113.0009
2389616,-1014352,-66.43246,113.0004
2389628,-1014331,-66.43244,112.9999
2389639,-1014311,-66.43242,112.9994
2389651,-1014290,-66.4324,112.9989
2389662,-1014270,-66.43237,112.9983
2389674,-1014250,-66.43234,112.9978
2389686,-1014229,-66.43232,112.9973
2389697,-1014209,-66.4323,112.9968
2389709,-1014188,-66.43227,112.9963
2389720,-1014168,-66.43225,112.9958
2389731,-1014148,-66.43223,112.9953
2389744,-1014127,-66.43221,112.9947
2389754,-1014107,-66.43218,112.9942
2389766,-1014086,-66.43216,112.9937
2389778,-1014066,-66.43214,112.9932
2389789,-1014045,-66.43211,112.9927
2389800,-1014024,-66.43209,112.9922
2389812,-1014004,-66.43207,112.9917
2389824,-1013984,-66.43204,112.9911
2389836,-1013963,-66.43201,112.9906
2389848,-1013943,-66.43199,112.9901
2389860,-1013923,-66.43197,112.9896
2389870,-1013902,-66.43195,112.9891
2389882,-1013881,-66.43192,112.9886
2389893,-1013861,-66.4319,112.988
2389904,-1013841,-66.43188,112.9875
2389917,-1013820,-66.43185,112.987
2389928,-1013800,-66.43183,112.9865
2389940,-1013779,-66.43181,112.986
2389951,-1013759,-66.43179,112.9855
2389962,-1013738,-66.43176,112.9849
2389974,-1013718,-66.43174,112.9844
2389985,-1013697,-66.43172,112.9839
2389996,-1013677,-66.43169,112.9834
2390009,-1013656,-66.43167,112.9829
2390020,-1013636,-66.43165,112.9824
2390032,-1013616,-66.43162,112.9819
2390044,-1013595,-66.43159,112.9814
2390055,-1013574,-66.43157,112.9808
2390067,-1013554,-66.43155,112.9803
2390078,-1013534,-66.43153,112.9798
2390090,-1013514,-66.4315,112.9793
2390102,-1013493,-66.43148,112.9788
2390113,-1013473,-66.43146,112.9783
2390124,-1013452,-66.43143,112.9777
2390136,-1013431,-66.43141,112.9772
2390147,-1013411,-66.43139,112.9767
2390159,-1013391,-66.43137,112.9762
2390170,-1013370,-66.43134,112.9757
2390182,-1013349,-66.43132,112.9752
2390194,-1013329,-66.4313,112.9746
2390205,-1013309,-66.43127,112.9741
2390216,-1013289,-66.43125,112.9736
2390228,-1013268,-66.43123,112.9731
2390239,-1013248,-66.43121,112.9726
2390250,-1013227,-66.43118,112.9721
2390262,-1013207,-66.43116,112.9716
2390274,-1013186,-66.43114,112.971
2390286,-1013166,-66.43111,112.9705
2390297,-1013145,-66.43109,112.97
2390308,-1013125,-66.43107,112.9695
2390320,-1013104,-66.43105,112.969
2390330,-1013084,-66.43102,112.9685
2390342,-1013064,-66.431,112.968
2390354,-1013043,-66.43098,112.9675
2390366,-1013022,-66.43095,112.9669
2390376,-1013001,-66.43094,112.9664
2390387,-1012981,-66.43092,112.9659
2390399,-1012960,-66.43089,112.9654
2390410,-1012940,-66.43087,112.9649
2390422,-1012920,-66.43085,112.9644
2390434,-1012900,-66.43082,112.9639
2390445,-1012879,-66.4308,112.9633
2390457,-1012859,-66.43078,112.9628
2390468,-1012838,-66.43076,112.9623
2390479,-1012818,-66.43073,112.9618
2390491,-1012797,-66.43071,112.9613
2390502,-1012777,-66.43069,112.9608
2390513,-1012756,-66.43066,112.9603
2390526,-1012736,-66.43064,112.9597
2390537,-1012715,-66.43062,112.9592
2390548,-1012695,-66.4306,112.9587
2390560,-1012675,-66.43057,112.9582
2390571,-1012654,-66.43055,112.9577
2390582,-1012633,-66.43053,112.9572
2390594,-1012614,-66.4305,112.9567
2390606,-1012593,-66.43048,112.9561
2390616,-1012572,-66.43047,112.9556
2390628,-1012552,-66.43044,112.9551
2390639,-1012531,-66.43042,112.9546
2390650,-1012511,-66.4304,112.9541
2390662,-1012490,-66.43037,112.9536
2390674,-1012470,-66.43035,112.9531
2390685,-1012449,-66.43033,112.9525
2390697,-1012429,-66.43031,112.952
2390708,-1012408,-66.43028,112.9515
2390719,-1012388,-66.43026,112.951
2390731,-1012368,-66.43024,112.9505
2390742,-1012347,-66.43021,112.95
2390754,-1012327,-66.43019,112.9495
2390766,-1012306,-66.43017,112.9489
2390776,-1012286,-66.43015,112.9484
2390788,-1012266,-66.43012,112.9479
2390800,-1012245,-66.4301,112.9474
2390810,-1012224,-66.43008,112.9469
2390822,-1012204,-66.43006,112.9464
2390834,-1012184,-66.43004,112.9459
2390845,-1012163,-66.43002,112.9453
2390856,-1012142,-66.42999,112.9448
2390868,-1012122,-66.42997,112.9443
2390879,-1012102,-66.42995,112.9438
2390891,-1012081,-66.42992,112.9433
2390902,-1012061,-66.4299,112.9428
2390913,-1012040,-66.42988,112.9423
2390925,-1012020,-66.42986,112.9418
2390937,-1011999,-66.42983,112.9412
2390948,-1011979,-66.42981,112.9407
2390960,-1011959,-66.42979,112.9402
2390971,-1011938,-66.42976,112.9397
2390982,-1011918,-66.42974,112.9392
2390993,-1011897,-66.42973,112.9387
2391004,-1011877,-66.4297,112.9382
2391016,-1011856,-66.42968,112.9376
2391028,-1011836,-66.42966,112.9371
2391039,-1011815,-66.42963,112.9366
2391050,-1011795,-66.42961,112.9361
2391062,-1011774,-66.42959,112.9356
2391074,-1011754,-66.42957,112.9351
2391084,-1011733,-66.42954,112.9346
2391096,-1011713,-66.42952,112.934
2391108,-1011692,-66.4295,112.9335
2391119,-1011672,-66.42947,112.933
2391130,-1011652,-66.42945,112.9325
2391142,-1011631,-66.42943,112.932
2391153,-1011610,-66.42941,112.9315
2391165,-1011590,-66.42938,112.931
2391176,-1011570,-66.42936,112.9304
2391188,-1011550,-66.42934,112.9299
2391199,-1011529,-66.42931,112.9294
2391210,-1011508,-66.4293,112.9289
2391221,-1011488,-66.42928,112.9284
2391233,-1011467,-66.42925,112.9279
2391245,-1011447,-66.42923,112.9273
2391256,-1011426,-66.42921,112.9268
2391268,-1011406,-66.42918,112.9263
2391280,-1011385,-66.42916,112.9258
2391290,-1011364,-66.42914,112.9253
2391302,-1011344,-66.42912,112.9248
2391313,-1011324,-66.42909,112.9243
2391326,-1011303,-66.42907,112.9237
2391336,-1011283,-66.42905,112.9232
2391348,-1011262,-66.42902,112.9227
2391360,-1011242,-66.429,112.9222
2391371,-1011221,-66.42898,112.9217
2391382,-1011200,-66.42896,112.9212
2391394,-1011180,-66.42893,112.9207
2391406,-1011160,-66.42891,112.9201
2391416,-1011139,-66.42889,112.9196
2391428,-1011118,-66.42886,112.9191
2391440,-1011098,-66.42884,112.9186
2391451,-1011078,-66.42882,112.9181
2391463,-1011057,-66.42879,112.9176
2391474,-1011037,-66.42877,112.917
2391485,-1011016,-66.42875,112.9165
2391497,-1010996,-66.42873,112.916
2391508,-1010975,-66.4287,112.9155
2391520,-1010955,-66.42868,112.915
2391532,-1010934,-66.42866,112.9145
2391544,-1010914,-66.42863,112.9139
2391556,-1010894,-66.4286,112.9134
2391567,-1010873,-66.42858,112.9129
2391578,-1010853,-66.42856,112.9124
2391590,-1010832,-66.42854,112.9119
2391601,-1010812,-66.42851,112.9114
2391613,-1010791,-66.42849,112.9109
2391624,-1010771,-66.42847,112.9104
2391636,-1010750,-66.42844,112.9098
2391647,-1010730,-66.42842,112.9093
2391658,-1010710,-66.4284,112.9088
2391670,-1010689,-66.42838,112.9083
2391682,-1010668,-66.42835,112.9078
2391693,-1010648,-66.42833,112.9073
2391704,-1010628,-66.42831,112.9068
2391716,-1010607,-66.42828,112.9062
2391727,-1010586,-66.42826,112.9057
2391739,-1010566,-66.42824,112.9052
2391750,-1010545,-66.42822,112.9047
2391762,-1010525,-66.42819,112.9042
2391774,-1010505,-66.42817,112.9037
2391785,-1010484,-66.42815,112.9031
2391796,-1010464,-66.42812,112.9026
2391809,-1010443,-66.42809,112.9021
2391820,-1010423,-66.42807,112.9016
2391831,-1010402,-66.42805,112.9011
2391843,-1010382,-66.42802,112.9006
2391854,-1010361,-66.428,112.9
2391865,-1010341,-66.42798,112.8995
2391878,-1010321,-66.42796,112.899
2391888,-1010300,-66.42793,112.8985
2391901,-1010280,-66.4279,112.898
2391912,-1010259,-66.42788,112.8975
2391924,-1010239,-66.42786,112.897
2391935,-1010219,-66.42783,112.8965
2391947,-1010198,-66.42781,112.8959
2391958,-1010177,-66.42779,112.8954
2391970,-1010157,-66.42776,112.8949
2391981,-1010137,-66.42774,112.8944
2391993,-1010116,-66.42771,112.8939
2392005,-1010096,-66.42769,112.8934
2392017,-1010076,-66.42767,112.8929
2392027,-1010055,-66.42764,112.8923
2392040,-1010034,-66.42762,112.8918
2392052,-1010014,-66.4276,112.8913
2392062,-1009993,-66.42757,112.8908
2392074,-1009973,-66.42754,112.8903
2392086,-1009952,-66.42752,112.8898
2392098,-1009932,-66.4275,112.8892
2392108,-1009912,-66.42747,112.8887
2392121,-1009892,-66.42745,112.8882
2392132,-1009871,-66.42743,112.8877
2392143,-1009850,-66.42741,112.8872
2392156,-1009831,-66.42738,112.8867
2392167,-1009810,-66.42735,112.8861
2392179,-1009789,-66.42733,112.8856
2392190,-1009768,-66.42731,112.8851
2392201,-1009749,-66.42728,112.8846
2392214,-1009727,-66.42726,112.8841
2392225,-1009707,-66.42723,112.8836
2392236,-1009687,-66.42721,112.8831
2392248,-1009667,-66.42719,112.8826
2392260,-1009646,-66.42716,112.882
2392271,-1009626,-66.42714,112.8815
2392284,-1009605,-66.42711,112.881
2392294,-1009585,-66.42709,112.8805
2392306,-1009564,-66.42706,112.88
2392318,-1009544,-66.42704,112.8795
2392329,-1009523,-66.42702,112.8789
2392341,-1009503,-66.42699,112.8784
2392353,-1009482,-66.42696,112.8779
2392364,-1009462,-66.42694,112.8774
2392375,-1009441,-66.42692,112.8769
2392388,-1009421,-66.42689,112.8764
2392399,-1009400,-66.42686,112.8758
2392411,-1009380,-66.42684,112.8753
2392422,-1009360,-66.42682,112.8748
2392435,-1009339,-66.42679,112.8743
2392446,-1009319,-66.42677,112.8738
2392458,-1009299,-66.42674,112.8733
2392470,-1009279,-66.42671,112.8728
2392481,-1009258,-66.42669,112.8722
2392492,-1009237,-66.42667,112.8717
2392504,-1009217,-66.42664,112.8712
2392516,-1009197,-66.42661,112.8707
2392528,-1009176,-66.42659,112.8702
2392539,-1009156,-66.42657,112.8697
2392550,-1009135,-66.42654,112.8692
2392563,-1009116,-66.42651,112.8686
2392574,-1009095,-66.42649,112.8681
2392586,-1009074,-66.42647,112.8676
2392598,-1009054,-66.42644,112.8671
2392610,-1009033,-66.42641,112.8666
2392622,-1009013,-66.42639,112.8661
2392633,-1008993,-66.42636,112.8655
2392645,-1008972,-66.42634,112.865
2392657,-1008952,-66.42631,112.8645
2392669,-1008932,-66.42628,112.864
2392680,-1008912,-66.42626,112.8635
2392692,-1008891,-66.42623,112.863
2392704,-1008871,-66.42621,112.8625
2392716,-1008850,-66.42618,112.8619
2392728,-1008831,-66.42616,112.8614
2392740,-1008810,-66.42612,112.8609
2392751,-1008790,-66.4261,112.8604
2392763,-1008770,-66.42607,112.8599
2392775,-1008749,-66.42605,112.8594
2392787,-1008730,-66.42602,112.8589
2392798,-1008708,-66.42599,112.8583
2392810,-1008689,-66.42596,112.8578
2392822,-1008668,-66.42594,112.8573
2392834,-1008648,-66.42591,112.8568
2392847,-1008627,-66.42588,112.8563
2392858,-1008607,-66.42586,112.8558
2392870,-1008587,-66.42583,112.8553
2392882,-1008567,-66.4258,112.8548
2392894,-1008546,-66.42577,112.8542
2392905,-1008526,-66.42574,112.8537
2392918,-1008507,-66.42571,112.8532
2392930,-1008486,-66.42569,112.8527
2392942,-1008466,-66.42566,112.8522
2392954,-1008446,-66.42563,112.8517
2392965,-1008426,-66.42561,112.8512
2392978,-1008405,-66.42558,112.8506
2392990,-1008385,-66.42554,112.8501
2393002,-1008366,-66.42551,112.8496
2393013,-1008345,-66.42549,112.8491
2393026,-1008325,-66.42546,112.8486
2393038,-1008305,-66.42543,112.8481
2393050,-1008285,-66.4254,112.8476
2393062,-1008265,-66.42537,112.8471
2393074,-1008244,-66.42535,112.8465
2393086,-1008224,-66.42532,112.846
2393098,-1008205,-66.42529,112.8455
2393110,-1008184,-66.42525,112.845
2393122,-1008164,-66.42522,112.8445
2393134,-1008144,-66.42519,112.844
2393146,-1008124,-66.42517,112.8435
2393158,-1008104,-66.42514,112.843
2393171,-1008084,-66.42511,112.8425
2393182,-1008064,-66.42508,112.8419
2393194,-1008044,-66.42505,112.8414
2393207,-1008024,-66.42502,112.8409
2393219,-1008003,-66.42499,112.8404
2393230,-1007983,-66.42496,112.8399
2393242,-1007963,-66.42493,112.8394
2393254,-1007943,-66.4249,112.8389
2393267,-1007923,-66.42487,112.8384
2393280,-1007903,-66.42484,112.8379
2393291,-1007883,-66.42481,112.8373
2393303,-1007863,-66.42478,112.8368
2393315,-1007843,-66.42476,112.8363
2393327,-1007823,-66.42473,112.8358
2393339,-1007803,-66.4247,112.8353
2393351,-1007782,-66.42467,112.8348
2393364,-1007763,-66.42464,112.8343
2393375,-1007743,-66.42461,112.8338
2393388,-1007723,-66.42458,112.8333
2393400,-1007703,-66.42455,112.8327
2393412,-1007682,-66.42452,112.8322
2393423,-1007662,-66.42449,112.8317
2393435,-1007642,-66.42446,112.8312
2393448,-1007622,-66.42443,112.8307
2393460,-1007602,-66.4244,112.8302
2393472,-1007583,-66.42437,112.8297
2393484,-1007562,-66.42434,112.8292
2393496,-1007542,-66.42432,112.8287
2393508,-1007522,-66.42429,112.8281
2393520,-1007502,-66.42426,112.8276
2393532,-1007482,-66.42422,112.8271
2393544,-1007462,-66.42419,112.8266
2393557,-1007442,-66.42416,112.8261
2393569,-1007423,-66.42413,112.8256
2393581,-1007402,-66.4241,112.8251
2393592,-1007382,-66.42408,112.8246
2393605,-1007362,-66.42405,112.8241
2393616,-1007342,-66.42402,112.8236
2393629,-1007322,-66.42399,112.823
2393641,-1007302,-66.42396,112.8225
2393653,-1007282,-66.42393,112.822
2393665,-1007262,-66.4239,112.8215
2393676,-1007241,-66.42387,112.821
2393689,-1007221,-66.42384,112.8205
2393700,-1007202,-66.42381,112.82
2393713,-1007182,-66.42378,112.8195
2393725,-1007162,-66.42375,112.819
2393738,-1007142,-66.42372,112.8185
2393749,-1007122,-66.42369,112.8179
2393762,-1007102,-66.42366,112.8174
2393773,-1007081,-66.42364,112.8169
2393785,-1007062,-66.42361,112.8164
2393798,-1007042,-66.42358,112.8159
2393810,-1007021,-66.42355,112.8154
2393822,-1007001,-66.42352,112.8149
2393834,-1006981,-66.42348,112.8144
2393845,-1006962,-66.42346,112.8139
2393858,-1006941,-66.42343,112.8133
2393870,-1006922,-66.4234,112.8128
2393882,-1006902,-66.42337,112.8123
2393893,-1006881,-66.42334,112.8118
2393905,-1006861,-66.42332,112.8113
2393917,-1006841,-66.42329,112.8108
2393930,-1006821,-66.42326,112.8103
2393942,-1006801,-66.42323,112.8098
2393954,-1006781,-66.42319,112.8093
2393966,-1006761,-66.42316,112.8088
2393978,-1006741,-66.42314,112.8083
2393990,-1006721,-66.42311,112.8077
2394002,-1006701,-66.42308,112.8072
2394014,-1006681,-66.42305,112.8067
2394025,-1006661,-66.42302,112.8062
2394038,-1006640,-66.423,112.8057
2394049,-1006620,-66.42297,112.8052
2394061,-1006600,-66.42294,112.8047
2394073,-1006581,-66.4229,112.8042
2394086,-1006560,-66.42287,112.8036
2394097,-1006540,-66.42285,112.8031
2394110,-1006520,-66.42282,112.8026
2394122,-1006500,-66.42279,112.8021
2394134,-1006480,-66.42276,112.8016
2394146,-1006460,-66.42273,112.8011
2394158,-1006440,-66.42271,112.8006
2394170,-1006420,-66.42268,112.8001
2394181,-1006400,-66.42265,112.7996
2394194,-1006379,-66.42262,112.799
2394205,-1006360,-66.42259,112.7985
2394216,-1006340,-66.42256,112.798
2394229,-1006319,-66.42253,112.7975
2394241,-1006299,-66.4225,112.797
2394254,-1006280,-66.42247,112.7965
2394264,-1006259,-66.42245,112.796
2394277,-1006239,-66.42242,112.7955
2394290,-1006219,-66.42239,112.795
2394302,-1006199,-66.42236,112.7945
2394312,-1006179,-66.42233,112.794
2394326,-1006159,-66.4223,112.7934
2394337,-1006139,-66.42227,112.7929
2394349,-1006119,-66.42224,112.7924
2394361,-1006098,-66.42222,112.7919
2394372,-1006079,-66.42219,112.7914
2394385,-1006059,-66.42216,112.7909
2394396,-1006039,-66.42213,112.7904
2394409,-1006018,-66.4221,112.7899
2394420,-1005998,-66.42207,112.7894
2394432,-1005978,-66.42204,112.7888
2394444,-1005958,-66.42202,112.7883
2394456,-1005938,-66.42199,112.7878
2394468,-1005918,-66.42196,112.7873
2394480,-1005898,-66.42194,112.7868
2394491,-1005877,-66.42191,112.7863
2394504,-1005857,-66.42188,112.7858
2394515,-1005837,-66.42185,112.7853
2394528,-1005817,-66.42182,112.7848
2394539,-1005798,-66.42179,112.7843
2394551,-1005777,-66.42177,112.7837
2394563,-1005756,-66.42174,112.7832
2394574,-1005737,-66.42171,112.7827
2394586,-1005717,-66.42168,112.7822
2394598,-1005696,-66.42165,112.7817
2394611,-1005677,-66.42162,112.7812
2394622,-1005656,-66.4216,112.7807
2394635,-1005636,-66.42157,112.7802
2394646,-1005616,-66.42154,112.7797
2394658,-1005596,-66.42152,112.7791
2394670,-1005576,-66.42149,112.7786
2394682,-1005556,-66.42146,112.7781
2394694,-1005535,-66.42143,112.7776
2394706,-1005516,-66.4214,112.7771
2394717,-1005496,-66.42138,112.7766
2394729,-1005475,-66.42135,112.7761
2394740,-1005455,-66.42133,112.7756
2394752,-1005435,-66.4213,112.7751
2394764,-1005415,-66.42126,112.7746
2394776,-1005395,-66.42124,112.774
2394788,-1005375,-66.42121,112.7735
2394799,-1005354,-66.42119,112.773
2394811,-1005335,-66.42116,112.7725
2394824,-1005315,-66.42113,112.772
2394835,-1005294,-66.4211,112.7715
2394848,-1005275,-66.42107,112.771
2394858,-1005254,-66.42105,112.7705
2394871,-1005234,-66.42102,112.77
2394882,-1005214,-66.421,112.7695
2394894,-1005194,-66.42097,112.769
2394905,-1005174,-66.42094,112.7684
2394918,-1005154,-66.42091,112.7679
2394928,-1005134,-66.42089,112.7674
2394942,-1005113,-66.42086,112.7669
2394953,-1005093,-66.42083,112.7664
2394965,-1005073,-66.42081,112.7659
2394976,-1005053,-66.42078,112.7654
2394988,-1005033,-66.42075,112.7649
2395000,-1005013,-66.42072,112.7644
2395011,-1004992,-66.4207,112.7639
2395024,-1004973,-66.42067,112.7634
2395034,-1004953,-66.42065,112.7628
2395046,-1004932,-66.42062,112.7623
2395058,-1004912,-66.42059,112.7618
2395070,-1004892,-66.42056,112.7613
2395082,-1004872,-66.42054,112.7608
2395094,-1004852,-66.42051,112.7603
2395106,-1004832,-66.42049,112.7598
2395117,-1004812,-66.42046,112.7593
2395128,-1004792,-66.42043,112.7588
2395141,-1004772,-66.4204,112.7583
2395152,-1004751,-66.42038,112.7578
2395163,-1004731,-66.42036,112.7572
2395176,-1004711,-66.42033,112.7567
2395186,-1004691,-66.4203,112.7562
2395199,-1004671,-66.42027,112.7557
2395210,-1004651,-66.42025,112.7552
2395223,-1004631,-66.42022,112.7547
2395234,-1004610,-66.4202,112.7542
2395246,-1004591,-66.42017,112.7537
2395256,-1004570,-66.42014,112.7532
2395269,-1004550,-66.42011,112.7527
2395280,-1004530,-66.42009,112.7522
2395292,-1004510,-66.42006,112.7516
2395304,-1004490,-66.42004,112.7511
2395316,-1004470,-66.42001,112.7506
2395327,-1004450,-66.41998,112.7501
2395340,-1004430,-66.41995,112.7496
2395351,-1004410,-66.41993,112.7491
2395363,-1004390,-66.4199,112.7486
2395374,-1004369,-66.41988,112.7481
2395386,-1004349,-66.41985,112.7476
2395397,-1004329,-66.41982,112.7471
2395410,-1004309,-66.41979,112.7465
2395421,-1004288,-66.41977,112.746
2395432,-1004268,-66.41975,112.7455
2395444,-1004248,-66.41972,112.745
2395455,-1004228,-66.41969,112.7445
2395468,-1004208,-66.41966,112.744
2395479,-1004188,-66.41964,112.7435
2395492,-1004168,-66.41961,112.743
2395502,-1004147,-66.41959,112.7425
2395514,-1004127,-66.41956,112.742
2395526,-1004107,-66.41953,112.7415
2395538,-1004086,-66.4195,112.7409
2395550,-1004066,-66.41948,112.7404
2395561,-1004047,-66.41945,112.7399
2395573,-1004027,-66.41943,112.7394
2395585,-1004006,-66.4194,112.7389
2395596,-1003986,-66.41937,112.7384
2395609,-1003966,-66.41934,112.7379
2395620,-1003945,-66.41932,112.7374
2395632,-1003926,-66.41929,112.7368
2395644,-1003905,-66.41927,112.7363
2395655,-1003885,-66.41924,112.7358
2395667,-1003865,-66.41921,112.7353
2395679,-1003845,-66.41918,112.7348
2395690,-1003824,-66.41916,112.7343
2395702,-1003804,-66.41913,112.7338
2395714,-1003785,-66.41911,112.7333
2395726,-1003764,-66.41908,112.7328
2395737,-1003743,-66.41905,112.7323
2395749,-1003724,-66.41902,112.7317
2395761,-1003703,-66.419,112.7312
2395772,-1003683,-66.41897,112.7307
2395784,-1003663,-66.41895,112.7302
2395796,-1003643,-66.41891,112.7297
2395808,-1003622,-66.41889,112.7292
2395820,-1003602,-66.41886,112.7287
2395832,-1003582,-66.41884,112.7282
2395844,-1003562,-66.41881,112.7277
2395856,-1003541,-66.41878,112.7271
2395867,-1003522,-66.41875,112.7266
2395880,-1003502,-66.41872,112.7261
2395890,-1003482,-66.4187,112.7256
2395903,-1003461,-66.41867,112.7251
2395914,-1003441,-66.41865,112.7246
2395926,-1003420,-66.41862,112.7241
2395937,-1003400,-66.41859,112.7236
2395950,-1003380,-66.41856,112.7231
2395961,-1003360,-66.41854,112.7225
2395973,-1003340,-66.41851,112.722
2395984,-1003320,-66.41849,112.7215
2395996,-1003299,-66.41846,112.721
2396008,-1003279,-66.41843,112.7205
2396020,-1003259,-66.4184,112.72
2396032,-1003239,-66.41837,112.7195
2396043,-1003218,-66.41835,112.719
2396056,-1003199,-66.41832,112.7185
2396066,-1003178,-66.4183,112.7179
2396079,-1003158,-66.41827,112.7174
2396090,-1003138,-66.41824,112.7169
2396102,-1003118,-66.41821,112.7164
2396113,-1003097,-66.41819,112.7159
2396126,-1003077,-66.41816,112.7154
2396137,-1003057,-66.41814,112.7149
2396149,-1003037,-66.41811,112.7144
2396161,-1003017,-66.41808,112.7139
2396173,-1002996,-66.41805,112.7133
2396184,-1002976,-66.41802,112.7128
2396196,-1002957,-66.418,112.7123
2396208,-1002937,-66.41797,112.7118
2396220,-1002916,-66.41794,112.7113
2396232,-1002896,-66.41792,112.7108
2396244,-1002876,-66.41788,112.7103
2396256,-1002856,-66.41786,112.7098
2396268,-1002836,-66.41783,112.7093
2396278,-1002815,-66.41781,112.7088
2396290,-1002796,-66.41778,112.7082
2396304,-1002775,-66.41775,112.7077
2396314,-1002755,-66.41772,112.7072
2396326,-1002735,-66.41769,112.7067
2396337,-1002715,-66.41767,112.7062
2396350,-1002694,-66.41764,112.7057
2396362,-1002674,-66.41761,112.7052
2396373,-1002654,-66.41759,112.7047
2396385,-1002634,-66.41756,112.7042
2396397,-1002614,-66.41753,112.7036
2396409,-1002593,-66.4175,112.7031
2396420,-1002574,-66.41747,112.7026
2396432,-1002554,-66.41745,112.7021
2396444,-1002533,-66.41742,112.7016
2396457,-1002514,-66.41739,112.7011
2396468,-1002493,-66.41737,112.7006
2396480,-1002473,-66.41734,112.7001
2396491,-1002453,-66.41731,112.6996
2396503,-1002433,-66.41728,112.6991
2396516,-1002413,-66.41725,112.6985
2396526,-1002393,-66.41723,112.698
2396539,-1002372,-66.4172,112.6975
2396551,-1002353,-66.41717,112.697
2396562,-1002333,-66.41714,112.6965
2396574,-1002313,-66.41711,112.696
2396586,-1002292,-66.41708,112.6955
2396598,-1002272,-66.41706,112.695
2396609,-1002252,-66.41703,112.6945
2396621,-1002232,-66.41701,112.694
2396633,-1002212,-66.41698,112.6935
2396646,-1002192,-66.41695,112.6929
2396656,-1002172,-66.41692,112.6924
2396669,-1002151,-66.41689,112.6919
2396681,-1002131,-66.41686,112.6914
2396692,-1002111,-66.41684,112.6909
2396704,-1002091,-66.41681,112.6904
2396716,-1002071,-66.41678,112.6899
2396728,-1002051,-66.41676,112.6894
2396740,-1002031,-66.41673,112.6889
2396751,-1002011,-66.41669,112.6884
2396764,-1001991,-66.41667,112.6879
2396775,-1001971,-66.41664,112.6873
2396787,-1001952,-66.41661,112.6868
2396798,-1001931,-66.41659,112.6863
2396811,-1001911,-66.41656,112.6858
2396823,-1001891,-66.41653,112.6853
2396834,-1001871,-66.4165,112.6848
2396846,-1001851,-66.41647,112.6843
2396858,-1001831,-66.41644,112.6838
2396870,-1001811,-66.41641,112.6833
2396881,-1001791,-66.41639,112.6828
2396893,-1001770,-66.41636,112.6823
2396906,-1001751,-66.41633,112.6818
2396916,-1001730,-66.41631,112.6813
2396929,-1001711,-66.41628,112.6807
2396941,-1001691,-66.41624,112.6802
2396953,-1001671,-66.41621,112.6797
2396964,-1001651,-66.41619,112.6792
2396976,-1001631,-66.41616,112.6787
2396988,-1001611,-66.41613,112.6782
2396999,-1001590,-66.41611,112.6777
2397012,-1001571,-66.41608,112.6772
2397024,-1001551,-66.41605,112.6767
2397036,-1001531,-66.41602,112.6762
2397047,-1001511,-66.41599,112.6757
2397060,-1001491,-66.41596,112.6752
2397071,-1001471,-66.41593,112.6747
2397082,-1001450,-66.41591,112.6741
2397094,-1001431,-66.41588,112.6736
2397107,-1001412,-66.41585,112.6731
2397118,-1001392,-66.41582,112.6726
2397130,-1001371,-66.41579,112.6721
2397142,-1001351,-66.41576,112.6716
2397154,-1001331,-66.41573,112.6711
2397166,-1001311,-66.4157,112.6706
2397177,-1001291,-66.41568,112.6701
2397189,-1001272,-66.41565,112.6696
2397201,-1001252,-66.41562,112.6691
2397213,-1001231,-66.4156,112.6686
2397224,-1001211,-66.41557,112.6681
2397236,-1001192,-66.41553,112.6676
2397248,-1001172,-66.4155,112.6671
2397260,-1001152,-66.41548,112.6666
2397271,-1001132,-66.41545,112.6661
2397284,-1001112,-66.41542,112.6656
2397296,-1001093,-66.41539,112.6651
2397307,-1001072,-66.41537,112.6645
2397319,-1001052,-66.41534,112.664
2397331,-1001033,-66.41531,112.6635
2397344,-1001013,-66.41528,112.663
2397354,-1000992,-66.41525,112.6625
2397366,-1000973,-66.41522,112.662
2397378,-1000953,-66.41519,112.6615
2397390,-1000933,-66.41516,112.661
2397402,-1000913,-66.41514,112.6605
2397414,-1000894,-66.41511,112.66
2397425,-1000874,-66.41508,112.6595
2397438,-1000853,-66.41505,112.659
2397448,-1000833,-66.41502,112.6585
2397461,-1000814,-66.41499,112.658
2397472,-1000794,-66.41496,112.6575
2397484,-1000774,-66.41493,112.657
2397496,-1000754,-66.41491,112.6565
2397508,-1000734,-66.41488,112.656
2397519,-1000715,-66.41485,112.6555
2397532,-1000695,-66.41482,112.6549
2397543,-1000674,-66.41479,112.6544
2397555,-1000655,-66.41476,112.6539
2397567,-1000635,-66.41473,112.6534
2397579,-1000615,-66.4147,112.6529
2397590,-1000595,-66.41468,112.6524
2397602,-1000575,-66.41465,112.6519
2397615,-1000556,-66.41462,112.6514
2397627,-1000536,-66.41459,112.6509
2397638,-1000516,-66.41457,112.6504
2397650,-1000496,-66.41454,112.6499
2397662,-1000476,-66.41451,112.6494
2397674,-1000456,-66.41447,112.6489
2397685,-1000436,-66.41445,112.6484
2397696,-1000417,-66.41442,112.6479
2397709,-1000397,-66.41439,112.6474
2397721,-1000376,-66.41436,112.6469
2397733,-1000357,-66.41433,112.6464
2397744,-1000337,-66.41431,112.6459
2397756,-1000316,-66.41428,112.6453
2397768,-1000297,-66.41425,112.6448
2397780,-1000278,-66.41422,112.6443
2397791,-1000257,-66.41419,112.6438
2397803,-1000237,-66.41416,112.6433
2397816,-1000218,-66.41413,112.6428
2397827,-1000198,-66.4141,112.6423
2397838,-1000178,-66.41408,112.6418
2397850,-1000158,-66.41405,112.6413
2397863,-1000138,-66.41402,112.6408
2397874,-1000119,-66.41399,112.6403
2397886,-1000099,-66.41396,112.6398
2397898,-1000078,-66.41393,112.6393
2397910,-1000058,-66.4139,112.6388
2397922,-1000038,-66.41387,112.6383
2397934,-1000019,-66.41384,112.6378
2397946,-999998.6,-66.41382,112.6373
2397957,-999978.9,-66.41379,112.6368
2397968,-999958.9,-66.41376,112.6363
2397980,-999939.5,-66.41373,112.6358
2397993,-999919.6,-66.4137,112.6352
2398004,-999899.3,-66.41367,112.6347
2398016,-999879.9,-66.41364,112.6342
2398028,-999859.7,-66.41361,112.6337
2398040,-999839.9,-66.41358,112.6332
2398052,-999820.4,-66.41355,112.6327
2398063,-999800.1,-66.41353,112.6322
2398076,-999779.9,-66.4135,112.6317
2398088,-999760.2,-66.41347,112.6312
2398099,-999740.5,-66.41344,112.6307
2398111,-999721.1,-66.41341,112.6302
2398122,-999700.4,-66.41338,112.6297
2398134,-999680.2,-66.41335,112.6292
2398146,-999660.8,-66.41332,112.6287
2398159,-999641.6,-66.41329,112.6282
2398170,-999621.1,-66.41326,112.6277
2398182,-999601.2,-66.41323,112.6272
2398194,-999581.7,-66.41321,112.6267
2398205,-999561.8,-66.41318,112.6262
2398218,-999541.8,-66.41315,112.6256
2398229,-999522.1,-66.41312,112.6252
2398242,-999502.4,-66.41309,112.6246
2398252,-999482.1,-66.41306,112.6241
2398264,-999462.1,-66.41303,112.6236
2398277,-999442.6,-66.413,112.6231
2398289,-999422.8,-66.41297,112.6226
2398301,-999402.6,-66.41294,112.6221
2398312,-999382.6,-66.41291,112.6216
2398324,-999362.9,-66.41289,112.6211
2398336,-999343.4,-66.41286,112.6206
2398348,-999323,-66.41283,112.6201
2398360,-999303.3,-66.4128,112.6196
2398372,-999283.9,-66.41277,112.6191
2398383,-999264,-66.41274,112.6186
2398394,-999243.7,-66.41271,112.6181
2398407,-999224.3,-66.41268,112.6176
2398420,-999204.8,-66.41265,112.6171
2398431,-999184.8,-66.41262,112.6166
2398442,-999164.2,-66.4126,112.6161
2398454,-999144.8,-66.41257,112.6156
2398466,-999125.4,-66.41254,112.6151
2398478,-999105.6,-66.41251,112.6146
2398490,-999085.1,-66.41248,112.6141
2398502,-999065.1,-66.41245,112.6135
2398514,-999045.2,-66.41242,112.613
2398525,-999025.8,-66.41239,112.6125
2398538,-999005.9,-66.41236,112.612
2398550,-998986.4,-66.41233,112.6115
2398561,-998966.2,-66.41231,112.611
2398572,-998946,-66.41228,112.6105
2398585,-998926.6,-66.41225,112.61
2398596,-998907.2,-66.41222,112.6095
2398608,-998887.6,-66.41219,112.609
2398620,-998866.9,-66.41216,112.6085
2398632,-998847.1,-66.41213,112.608
2398644,-998827.1,-66.4121,112.6075
2398655,-998807.6,-66.41207,112.607
2398668,-998787.4,-66.41204,112.6065
2398679,-998767.8,-66.41202,112.606
2398691,-998747.9,-66.41199,112.6055
2398702,-998728.3,-66.41196,112.605
2398715,-998708.4,-66.41193,112.6045
2398726,-998689,-66.4119,112.604
2398737,-998668.6,-66.41187,112.6035
2398749,-998649.2,-66.41184,112.603
2398762,-998628.8,-66.41181,112.6025
2398774,-998609.3,-66.41178,112.602
2398785,-998589.3,-66.41175,112.6015
2398797,-998569.8,-66.41173,112.601
2398808,-998549.4,-66.4117,112.6004
2398821,-998530.1,-66.41167,112.5999
2398832,-998510,-66.41164,112.5994
2398844,-998490.6,-66.41161,112.5989
2398856,-998470,-66.41158,112.5984
2398868,-998450.7,-66.41155,112.5979
2398880,-998431.1,-66.41152,112.5974
2398892,-998411.1,-66.41149,112.5969
2398902,-998390.9,-66.41147,112.5964
2398915,-998371.1,-66.41144,112.5959
2398927,-998351.9,-66.41141,112.5954
2398939,-998331.4,-66.41138,112.5949
2398950,-998312.1,-66.41135,112.5944
2398962,-998292.1,-66.41132,112.5939
2398974,-998272.4,-66.41129,112.5934
2398986,-998252.5,-66.41126,112.5929
2398998,-998232.6,-66.41123,112.5924
2399009,-998212.8,-66.41121,112.5919
2399021,-998192.9,-66.41118,112.5914
2399032,-998172.8,-66.41115,112.5909
2399045,-998153.1,-66.41112,112.5904
2399055,-998133.4,-66.41109,112.5899
2399068,-998113.8,-66.41106,112.5894
2399080,-998093.5,-66.41103,112.5889
2399092,-998074.2,-66.411,112.5884
2399104,-998054.4,-66.41097,112.5879
2399114,-998034.8,-66.41095,112.5874
2399127,-998014.2,-66.41092,112.5869
2399139,-997995.2,-66.41089,112.5864
2399150,-997974.8,-66.41087,112.5859
2399162,-997955.1,-66.41084,112.5853
2399174,-997935.4,-66.4108,112.5848
2399186,-997915.5,-66.41077,112.5843
2399197,-997896.1,-66.41075,112.5838
2399209,-997875.4,-66.41072,112.5833
2399221,-997855.8,-66.41069,112.5828
2399232,-997835.8,-66.41066,112.5823
2399244,-997816.4,-66.41064,112.5818
2399256,-997796.5,-66.41061,112.5813
2399268,-997776.4,-66.41058,112.5808
2399280,-997757.1,-66.41055,112.5803
2399291,-997736.9,-66.41052,112.5798
2399303,-997716.6,-66.41049,112.5793
2399315,-997697.5,-66.41046,112.5788
2399326,-997677.1,-66.41044,112.5783
2399338,-997657.8,-66.41041,112.5778
2399350,-997637.4,-66.41038,112.5773
2399362,-997618.1,-66.41035,112.5768
2399373,-997597.9,-66.41032,112.5763
2399384,-997578.4,-66.41029,112.5758
2399397,-997558.2,-66.41026,112.5753
2399408,-997538.6,-66.41024,112.5748
2399420,-997518.8,-66.41021,112.5743
2399432,-997498.6,-66.41018,112.5738
2399444,-997478.6,-66.41015,112.5733
2399455,-997458.8,-66.41013,112.5728
2399467,-997439.1,-66.4101,112.5723
2399479,-997419.2,-66.41006,112.5718
2399490,-997399.2,-66.41004,112.5713
2399502,-997379.9,-66.41001,112.5708
2399514,-997360.4,-66.40998,112.5703
2399525,-997339.9,-66.40996,112.5697
2399538,-997320.1,-66.40993,112.5692
2399549,-997300.5,-66.4099,112.5687
2399560,-997280.8,-66.40987,112.5683
2399572,-997260.5,-66.40984,112.5677
2399584,-997241.1,-66.40981,112.5672
2399595,-997221.1,-66.40979,112.5667
2399607,-997201.9,-66.40976,112.5662
2399619,-997181.2,-66.40973,112.5657
2399631,-997161.8,-66.4097,112.5652
2399642,-997142.1,-66.40968,112.5647
2399654,-997122.4,-66.40965,112.5642
2399666,-997102.4,-66.40961,112.5637
2399678,-997082.8,-66.40959,112.5632
2399689,-997063.2,-66.40956,112.5627
2399701,-997042.8,-66.40953,112.5622
2399713,-997022.9,-66.40951,112.5617
2399724,-997003.4,-66.40948,112.5612
2399736,-996983.7,-66.40945,112.5607
2399747,-996963.4,-66.40942,112.5602
2399759,-996943.9,-66.40939,112.5597
2399770,-996924.1,-66.40937,112.5592
2399782,-996904.9,-66.40934,112.5587
2399794,-996884.6,-66.40931,112.5582
2399805,-996864.2,-66.40929,112.5577
2399817,-996845.1,-66.40926,112.5572
2399829,-996825.6,-66.40923,112.5567
2399840,-996804.9,-66.4092,112.5562
2399852,-996785.5,-66.40917,112.5557
2399863,-996765.8,-66.40915,112.5552
2399875,-996746.1,-66.40912,112.5547
2399886,-996726.1,-66.40909,112.5542
2399898,-996706.2,-66.40907,112.5537
2399910,-996686.5,-66.40903,112.5532
2399922,-996667.2,-66.409,112.5527
2399932,-996646.2,-66.40898,112.5522
2399945,-996627.2,-66.40895,112.5517
2399956,-996606.8,-66.40893,112.5512
2399968,-996587.4,-66.4089,112.5507
2399980,-996567.8,-66.40887,112.5502
2399991,-996548,-66.40884,112.5497
2400002,-996528,-66.40881,112.5492
2400014,-996507.4,-66.40879,112.5487
2400026,-996488.1,-66.40876,112.5482
2400037,-996468.2,-66.40873,112.5477
2400049,-996448.4,-66.40871,112.5472
2400061,-996428.5,-66.40868,112.5467
2400072,-996409,-66.40865,112.5462
2400084,-996389.2,-66.40862,112.5457
2400096,-996369.7,-66.40859,112.5452
2400107,-996349.1,-66.40857,112.5447
2400119,-996329.6,-66.40854,112.5442
2400130,-996309.9,-66.40852,112.5437
2400142,-996290.5,-66.40849,112.5432
2400154,-996270.2,-66.40845,112.5427
2400165,-996250.8,-66.40843,112.5422
2400177,-996230.9,-66.4084,112.5417
2400188,-996210.9,-66.40838,112.5412
2400200,-996191.2,-66.40835,112.5406
2400212,-996171.8,-66.40832,112.5402
2400222,-996151.8,-66.40829,112.5397
2400234,-996132.3,-66.40826,112.5392
2400246,-996111.7,-66.40824,112.5387
2400258,-996092.1,-66.40821,112.5381
2400270,-996072.8,-66.40818,112.5377
2400281,-996051.8,-66.40816,112.5371
2400292,-996032.7,-66.40813,112.5366
2400304,-996012.7,-66.4081,112.5361
2400315,-995993.2,-66.40807,112.5357
2400327,-995973.4,-66.40804,112.5351
2400338,-995953.5,-66.40802,112.5346
2400350,-995934.4,-66.40799,112.5341
2400361,-995914.4,-66.40797,112.5337
2400374,-995893.9,-66.40794,112.5331
2400385,-995874.5,-66.40791,112.5326
2400396,-995854.7,-66.40788,112.5321
2400408,-995835.4,-66.40785,112.5316
2400420,-995814.8,-66.40782,112.5311
2400431,-995795.2,-66.4078,112.5306
2400443,-995775.6,-66.40777,112.5301
2400454,-995756.2,-66.40775,112.5296
2400466,-995736.2,-66.40771,112.5291
2400478,-995716.6,-66.40768,112.5286
2400489,-995696.6,-66.40766,112.5281
2400500,-995677.2,-66.40763,112.5276
2400513,-995657.4,-66.4076,112.5271
2400524,-995637.4,-66.40758,112.5266
2400536,-995618.3,-66.40755,112.5261
2400547,-995598.4,-66.40752,112.5256
2400559,-995578.6,-66.40749,112.5251
2400570,-995559.2,-66.40746,112.5247
2400582,-995539.6,-66.40744,112.5242
2400594,-995519.2,-66.40741,112.5236
2400605,-995499.5,-66.40738,112.5231
2400616,-995480.1,-66.40736,112.5227
2400628,-995460.2,-66.40733,112.5222
2400640,-995440.4,-66.4073,112.5216
2400651,-995420.4,-66.40727,112.5211
2400663,-995401.3,-66.40724,112.5207
2400674,-995381.2,-66.40722,112.5202
2400687,-995361.3,-66.40719,112.5196
2400698,-995341.7,-66.40716,112.5191
2400709,-995321.9,-66.40714,112.5186
2400721,-995302.4,-66.4071,112.5182
2400733,-995282.4,-66.40707,112.5176
2400744,-995263.1,-66.40705,112.5172
2400756,-995243.3,-66.40702,112.5167
2400767,-995223.9,-66.40699,112.5162
2400780,-995203.6,-66.40696,112.5156
2400790,-995183.9,-66.40694,112.5152
2400803,-995164.5,-66.40691,112.5147
2400814,-995144.2,-66.40688,112.5141
2400826,-995124.6,-66.40685,112.5136
2400837,-995105.1,-66.40682,112.5132
2400849,-995085.4,-66.40679,112.5127
2400860,-995065.4,-66.40677,112.5121
2400872,-995045.4,-66.40674,112.5117
2400884,-995026.2,-66.40671,112.5111
2400895,-995006.3,-66.40668,112.5107
2400908,-994986.6,-66.40665,112.5101
2400919,-994966.6,-66.40662,112.5096
2400930,-994947.1,-66.4066,112.5091
2400942,-994927.4,-66.40657,112.5087
2400954,-994907.2,-66.40654,112.5081
2400965,-994887.4,-66.40652,112.5076
2400976,-994868,-66.40649,112.5071
2400988,-994848.3,-66.40646,112.5067
2401000,-994827.9,-66.40643,112.5061
2401011,-994808.3,-66.4064,112.5056
2401024,-994789.2,-66.40637,112.5051
2401034,-994769.2,-66.40635,112.5047
2401046,-994749.4,-66.40632,112.5041
2401058,-994730.1,-66.40629,112.5036
2401069,-994710.3,-66.40626,112.5032
2401081,-994690.3,-66.40623,112.5026
2401093,-994670.1,-66.4062,112.5021
2401105,-994650.7,-66.40617,112.5016
2401116,-994630.9,-66.40615,112.5011
2401128,-994610.6,-66.40612,112.5006
2401140,-994591.2,-66.40609,112.5001
2401152,-994571.6,-66.40606,112.4996
2401163,-994551.5,-66.40604,112.4991
2401174,-994531.8,-66.40601,112.4986
2401186,-994512.4,-66.40598,112.4981
2401199,-994493,-66.40594,112.4976
2401209,-994472.9,-66.40592,112.4971
2401221,-994452.9,-66.40589,112.4966
2401234,-994433.6,-66.40586,112.4961
2401244,-994413.2,-66.40584,112.4956
2401257,-994394.2,-66.40581,112.4951
2401268,-994373.6,-66.40578,112.4946
2401280,-994354.2,-66.40575,112.4941
2401292,-994334.4,-66.40572,112.4936
2401303,-994315,-66.40569,112.4931
2401315,-994295.2,-66.40566,112.4926
2401326,-994275.6,-66.40563,112.4921
2401338,-994255.5,-66.40561,112.4916
2401350,-994236.2,-66.40558,112.4911
2401362,-994215.6,-66.40555,112.4906
2401373,-994196.1,-66.40553,112.4901
2401384,-994176.4,-66.40549,112.4896
2401397,-994156.4,-66.40546,112.4891
2401408,-994136.6,-66.40543,112.4886
2401420,-994117.2,-66.40541,112.4881
2401431,-994097.2,-66.40538,112.4876
2401443,-994077.3,-66.40535,112.4871
2401455,-994057.6,-66.40532,112.4866
2401466,-994037.6,-66.4053,112.4861
2401478,-994018.2,-66.40527,112.4856
2401490,-993997.8,-66.40524,112.4851
2401502,-993978.7,-66.4052,112.4846
2401513,-993958.3,-66.40518,112.4841
2401525,-993939,-66.40515,112.4836
2401537,-993919,-66.40512,112.4831
2401550,-993899.4,-66.40509,112.4826
2401560,-993879.9,-66.40506,112.4821
2401572,-993860.2,-66.40504,112.4816
2401584,-993839.9,-66.40501,112.4811
2401595,-993819.8,-66.40498,112.4806
2401606,-993800.3,-66.40495,112.4801
2401618,-993780.7,-66.40492,112.4796
2401630,-993760.4,-66.40489,112.4791
2401642,-993741,-66.40486,112.4786
2401654,-993721.6,-66.40483,112.4781
2401666,-993701.4,-66.4048,112.4776
2401679,-993681.7,-66.40477,112.4771
2401689,-993661.8,-66.40475,112.4766
2401701,-993642.4,-66.40472,112.4761
2401713,-993622.1,-66.40469,112.4756
2401725,-993602.4,-66.40466,112.4751
2401736,-993582.9,-66.40462,112.4746
2401748,-993563,-66.4046,112.4741
2401760,-993542.5,-66.40457,112.4735
2401772,-993522.8,-66.40454,112.473
2401783,-993503.2,-66.40451,112.4725
2401796,-993483.8,-66.40448,112.4721
2401807,-993463.6,-66.40445,112.4715
2401819,-993443.9,-66.40443,112.471
2401830,-993423.8,-66.4044,112.4705
2401842,-993404.7,-66.40437,112.47
2401854,-993384.5,-66.40434,112.4695
2401866,-993364.5,-66.4043,112.469
2401878,-993344.8,-66.40428,112.4685
2401889,-993325.2,-66.40425,112.468
2401901,-993304.9,-66.40422,112.4675
2401913,-993284.9,-66.40419,112.467
2401925,-993265.8,-66.40416,112.4665
2401937,-993245.2,-66.40413,112.466
2401948,-993225.5,-66.40411,112.4655
2401960,-993205.9,-66.40408,112.465
2401972,-993186.3,-66.40405,112.4645
2401984,-993166,-66.40401,112.464
2401996,-993146,-66.40398,112.4635
2402007,-993126.2,-66.40396,112.463
2402018,-993106.2,-66.40393,112.4625
2402031,-993086.6,-66.4039,112.462
2402042,-993066.9,-66.40387,112.4615
2402055,-993047.6,-66.40384,112.461
2402066,-993027.2,-66.40382,112.4605
2402078,-993006.9,-66.40379,112.46
2402090,-992987.4,-66.40376,112.4595
2402102,-992967.8,-66.40372,112.459
2402113,-992948.2,-66.40369,112.4585
2402125,-992927.4,-66.40366,112.4579
2402137,-992907.8,-66.40364,112.4574
2402148,-992887.7,-66.40361,112.4569
2402160,-992868.6,-66.40358,112.4564
2402172,-992847.9,-66.40355,112.4559
2402184,-992828.6,-66.40352,112.4554
2402195,-992808.5,-66.4035,112.4549
2402207,-992788.8,-66.40347,112.4544
2402219,-992768.8,-66.40343,112.4539
2402232,-992749.1,-66.4034,112.4534
2402242,-992729.1,-66.40338,112.4529
2402254,-992708.5,-66.40335,112.4524
2402266,-992689.1,-66.40332,112.4519
2402278,-992669.1,-66.40329,112.4514
2402290,-992649.9,-66.40326,112.4509
2402302,-992629.4,-66.40323,112.4504
2402314,-992609.4,-66.40321,112.4499
2402325,-992590,-66.40318,112.4494
2402336,-992569.9,-66.40314,112.4489
2402349,-992549.9,-66.40311,112.4484
2402360,-992530.2,-66.40308,112.4479
2402371,-992509.8,-66.40306,112.4474
2402384,-992490.7,-66.40303,112.4469
2402396,-992470.1,-66.403,112.4463
2402408,-992450.4,-66.40297,112.4458
2402418,-992430.6,-66.40295,112.4453
2402430,-992410.9,-66.40292,112.4448
2402443,-992390.1,-66.40289,112.4443
2402455,-992370.6,-66.40285,112.4438
2402466,-992350.6,-66.40282,112.4433
2402478,-992331.2,-66.4028,112.4428
2402490,-992310.7,-66.40277,112.4423
2402501,-992290.9,-66.40274,112.4418
2402513,-992271.4,-66.40271,112.4413
2402526,-992251.4,-66.40268,112.4408
2402537,-992231.4,-66.40265,112.4403
2402548,-992211.3,-66.40263,112.4398
2402560,-992191.6,-66.4026,112.4393
2402572,-992171.3,-66.40257,112.4388
2402584,-992151.9,-66.40253,112.4383
2402595,-992131.6,-66.40251,112.4378
2402608,-992112.5,-66.40248,112.4373
2402620,-992091.6,-66.40245,112.4368
2402631,-992071.6,-66.40242,112.4362
2402643,-992052.2,-66.40239,112.4358
2402654,-992032.1,-66.40237,112.4352
2402666,-992012.4,-66.40234,112.4347
2402678,-991992.4,-66.40231,112.4342
2402690,-991972.8,-66.40228,112.4337
2402701,-991952.8,-66.40225,112.4332
2402713,-991932.4,-66.40222,112.4327
2402725,-991912.7,-66.40219,112.4322
2402738,-991893.3,-66.40216,112.4317
2402749,-991873.2,-66.40213,112.4312
2402760,-991852.6,-66.40211,112.4307
2402772,-991833.1,-66.40208,112.4302
2402784,-991813.1,-66.40205,112.4297
2402796,-991792.8,-66.40202,112.4292
2402807,-991772.9,-66.40199,112.4287
2402820,-991753.2,-66.40196,112.4282
2402831,-991733.7,-66.40193,112.4277
2402843,-991713.1,-66.4019,112.4272
2402855,-991693.4,-66.40187,112.4267
2402866,-991673.1,-66.40185,112.4262
2402877,-991653.5,-66.40182,112.4257
2402890,-991633.2,-66.40179,112.4251
2402902,-991613.7,-66.40176,112.4246
2402913,-991593.8,-66.40173,112.4241
2402924,-991573.9,-66.4017,112.4236
2402937,-991553.9,-66.40167,112.4231
2402949,-991534.4,-66.40164,112.4226
2402960,-991513.9,-66.40162,112.4221
2402972,-991494.2,-66.40159,112.4216
2402984,-991474,-66.40156,112.4211
2402996,-991454.3,-66.40153,112.4206
2403007,-991434.2,-66.4015,112.4201
2403019,-991414.4,-66.40147,112.4196
2403030,-991394.1,-66.40144,112.4191
2403042,-991374.2,-66.40141,112.4186
2403054,-991354.4,-66.40138,112.4181
2403066,-991333.8,-66.40136,112.4176
2403077,-991314.2,-66.40133,112.4171
2403089,-991294.1,-66.4013,112.4166
2403101,-991274.4,-66.40127,112.4161
2403112,-991254.2,-66.40125,112.4155
2403125,-991234.5,-66.40121,112.415
2403137,-991214.8,-66.40118,112.4145
2403148,-991194.6,-66.40115,112.414
2403160,-991174.7,-66.40112,112.4135
2403172,-991154.7,-66.4011,112.413
2403183,-991134.8,-66.40107,112.4125
2403196,-991115.1,-66.40104,112.412
2403207,-991095.2,-66.40101,112.4115
2403219,-991075.2,-66.40099,112.411
2403230,-991055.1,-66.40096,112.4105
2403242,-991035.1,-66.40092,112.41
2403254,-991014.5,-66.40089,112.4095
2403265,-990994.9,-66.40087,112.409
2403277,-990975.1,-66.40084,112.4085
2403289,-990955.2,-66.40081,112.408
2403302,-990935.3,-66.40078,112.4075
2403312,-990914.9,-66.40076,112.407
2403324,-990895.2,-66.40073,112.4064
2403336,-990875.6,-66.4007,112.4059
2403349,-990855.5,-66.40067,112.4054
2403359,-990834.9,-66.40064,112.4049
2403371,-990815.1,-66.40061,112.4044
2403384,-990794.9,-66.40058,112.4039
2403395,-990774.8,-66.40055,112.4034
2403406,-990755.4,-66.40053,112.4029
2403418,-990735.4,-66.4005,112.4024
2403430,-990715.1,-66.40047,112.4019
2403442,-990695.3,-66.40044,112.4014
2403453,-990675.2,-66.40041,112.4009
2403465,-990655.6,-66.40038,112.4004
2403477,-990635.2,-66.40035,112.3999
2403488,-990615.1,-66.40032,112.3994
2403500,-990595.5,-66.4003,112.3989
2403512,-990575.5,-66.40027,112.3984
2403524,-990555.6,-66.40024,112.3978
2403536,-990535.4,-66.40021,112.3973
2403548,-990515.4,-66.40018,112.3968
2403558,-990495.9,-66.40015,112.3963
2403571,-990475.7,-66.40012,112.3958
2403582,-990455.3,-66.4001,112.3953
2403594,-990435.3,-66.40007,112.3948
2403606,-990415.6,-66.40004,112.3943
2403617,-990394.9,-66.40002,112.3938
2403628,-990375.2,-66.39999,112.3933
2403641,-990355.5,-66.39996,112.3928
2403654,-990335.2,-66.39993,112.3923
2403664,-990314.9,-66.3999,112.3918
2403676,-990295.4,-66.39987,112.3913
2403688,-990276,-66.39984,112.3908
2403699,-990254.8,-66.39982,112.3903
2403711,-990235,-66.39979,112.3897
2403724,-990215.6,-66.39976,112.3892
2403734,-990194.9,-66.39973,112.3887
2403746,-990174.7,-66.3997,112.3882
2403758,-990155,-66.39967,112.3877
2403770,-990135,-66.39965,112.3872
2403782,-990115.8,-66.39962,112.3867
2403793,-990094.9,-66.39959,112.3862
2403804,-990074.6,-66.39957,112.3857
2403817,-990054.8,-66.39954,112.3852
2403828,-990034.9,-66.39951,112.3847
2403839,-990013.9,-66.39948,112.3842
2403852,-989994.8,-66.39945,112.3837
2403864,-989975.1,-66.39942,112.3832
2403874,-989955.1,-66.3994,112.3827
2403886,-989934.5,-66.39937,112.3821
2403899,-989914.7,-66.39934,112.3816
2403910,-989894.3,-66.39931,112.3811
2403922,-989874.6,-66.39928,112.3806
2403934,-989854.6,-66.39925,112.3801
2403944,-989834.1,-66.39923,112.3796
2403956,-989814.4,-66.3992,112.3791
2403968,-989794.2,-66.39917,112.3786
2403979,-989773.8,-66.39915,112.3781
2403991,-989754.4,-66.39912,112.3776
2404002,-989734.1,-66.39909,112.3771
2404014,-989714.1,-66.39906,112.3766
2404027,-989694.2,-66.39903,112.3761
2404037,-989673.6,-66.39901,112.3756
2404049,-989654.2,-66.39898,112.3751
2404060,-989633.6,-66.39896,112.3746
2404072,-989613.9,-66.39893,112.3741
2404084,-989593.7,-66.3989,112.3736
2404096,-989573.9,-66.39887,112.373
2404107,-989553.8,-66.39884,112.3725
2404119,-989533.9,-66.39882,112.372
2404130,-989513.8,-66.39879,112.3715
2404142,-989493.6,-66.39877,112.371
2404154,-989473.4,-66.39874,112.3705
2404165,-989453.7,-66.3987,112.37
2404177,-989433.6,-66.39868,112.3695
2404188,-989413.4,-66.39865,112.369
2404200,-989393.4,-66.39863,112.3685
2404212,-989373.3,-66.3986,112.368
2404222,-989353.6,-66.39857,112.3675
2404235,-989333.2,-66.39854,112.367
2404246,-989312.8,-66.39852,112.3665
2404257,-989292.8,-66.39849,112.366
2404269,-989273.4,-66.39847,112.3655
2404280,-989252.8,-66.39844,112.365
2404292,-989232.8,-66.39841,112.3644
2404304,-989212.8,-66.39838,112.3639
2404315,-989193.4,-66.39836,112.3634
2404327,-989172.9,-66.39833,112.3629
2404339,-989153.1,-66.3983,112.3624
2404350,-989133.2,-66.39828,112.3619
2404360,-989112.8,-66.39825,112.3614
2404373,-989092.7,-66.39822,112.3609
2404385,-989073.3,-66.39819,112.3604
2404395,-989052.7,-66.39817,112.3599
2404407,-989032.7,-66.39815,112.3594
2404419,-989012.5,-66.39812,112.3589
2404430,-988992.4,-66.39809,112.3584
2404442,-988972.6,-66.39806,112.3579
2404453,-988952.5,-66.39804,112.3574
2404465,-988932.3,-66.39801,112.3569
2404477,-988912.5,-66.39798,112.3564
2404488,-988892.7,-66.39796,112.3559
2404501,-988872.4,-66.39793,112.3554
2404512,-988852.2,-66.3979,112.3549
2404524,-988832.9,-66.39787,112.3544
2404534,-988812.3,-66.39785,112.3539
2404546,-988791.9,-66.39782,112.3533
2404557,-988771.6,-66.3978,112.3528
2404568,-988752.2,-66.39777,112.3523
2404580,-988732,-66.39774,112.3518
2404592,-988711.8,-66.39771,112.3513
2404603,-988691.8,-66.39769,112.3508
2404615,-988672,-66.39766,112.3503
2404626,-988652,-66.39764,112.3498
2404638,-988631.8,-66.39761,112.3493
2404649,-988611.3,-66.39758,112.3488
2404661,-988591.8,-66.39755,112.3483
2404672,-988571.6,-66.39753,112.3478
2404684,-988551.5,-66.3975,112.3473
2404695,-988531.4,-66.39748,112.3468
2404706,-988511.4,-66.39745,112.3463
2404718,-988491.4,-66.39742,112.3458
2404730,-988471.4,-66.39739,112.3453
2404742,-988451.9,-66.39736,112.3448
2404753,-988431.7,-66.39734,112.3443
2404765,-988411.2,-66.39731,112.3437
2404776,-988391.5,-66.39729,112.3432
2404788,-988371.8,-66.39725,112.3427
2404799,-988351.7,-66.39723,112.3422
2404812,-988331.1,-66.3972,112.3417
2404822,-988310.6,-66.39718,112.3412
2404834,-988291.4,-66.39715,112.3407
2404846,-988271.8,-66.39712,112.3402
2404857,-988251,-66.39709,112.3397
2404870,-988231.6,-66.39706,112.3392
2404880,-988211.2,-66.39704,112.3387
2404892,-988191.1,-66.39701,112.3382
2404904,-988170.9,-66.39699,112.3377
2404915,-988151.1,-66.39696,112.3372
2404926,-988131,-66.39693,112.3367
2404938,-988111,-66.3969,112.3362
2404950,-988090.8,-66.39687,112.3357
2404961,-988070.8,-66.39685,112.3352
2404973,-988050.9,-66.39682,112.3347
2404985,-988031.2,-66.39679,112.3342
2404996,-988010.5,-66.39677,112.3336
2405008,-987990.8,-66.39674,112.3331
2405020,-987970.5,-66.39671,112.3326
2405032,-987950.4,-66.39668,112.3321
2405043,-987930.5,-66.39665,112.3316
2405054,-987910.5,-66.39663,112.3311
2405066,-987890.6,-66.3966,112.3306
2405078,-987870.2,-66.39657,112.3301
2405090,-987850.1,-66.39655,112.3296
2405101,-987830.4,-66.39651,112.3291
2405112,-987810.6,-66.39648,112.3286
2405124,-987789.7,-66.39646,112.3281
2405136,-987770,-66.39643,112.3276
2405148,-987750.2,-66.3964,112.3271
2405158,-987730.4,-66.39638,112.3266
2405171,-987709.9,-66.39635,112.326
2405183,-987689.9,-66.39632,112.3255
2405194,-987670.1,-66.39629,112.325
2405206,-987650,-66.39626,112.3245
2405218,-987629.8,-66.39623,112.324
2405230,-987609.9,-66.3962,112.3235
2405241,-987589.6,-66.39618,112.323
2405252,-987570.4,-66.39615,112.3225
2405265,-987549.6,-66.39612,112.322
2405276,-987529.6,-66.3961,112.3215
2405288,-987509.8,-66.39606,112.321
2405300,-987489.4,-66.39603,112.3205
2405312,-987469.6,-66.396,112.32
2405323,-987449.4,-66.39598,112.3195
2405334,-987429.4,-66.39595,112.319
2405346,-987409.6,-66.39592,112.3185
2405357,-987389.1,-66.3959,112.3179
2405370,-987369.4,-66.39587,112.3174
2405381,-987349.4,-66.39584,112.3169
2405394,-987329.4,-66.39581,112.3164
2405404,-987309.1,-66.39578,112.3159
2405417,-987289.2,-66.39575,112.3154
2405428,-987269.2,-66.39572,112.3149
2405441,-987249.2,-66.39569,112.3144
2405452,-987229.2,-66.39566,112.3139
2405464,-987209,-66.39564,112.3134
2405476,-987189,-66.39561,112.3129
2405488,-987168.4,-66.39558,112.3124
2405500,-987148.8,-66.39555,112.3119
2405510,-987128.7,-66.39552,112.3114
2405523,-987108.9,-66.39549,112.3108
2405534,-987087.9,-66.39546,112.3103
2405546,-987068.1,-66.39543,112.3098
2405558,-987048.2,-66.3954,112.3093
2405569,-987027.8,-66.39538,112.3088
2405582,-987007.8,-66.39535,112.3083
2405594,-986987.6,-66.39532,112.3078
2405606,-986967.4,-66.39529,112.3073
2405618,-986946.5,-66.39526,112.3067
2405630,-986926.7,-66.39523,112.3062
2405640,-986906.4,-66.3952,112.3057
2405653,-986886.2,-66.39517,112.3052
2405665,-986865.9,-66.39514,112.3047
2405677,-986845.4,-66.39511,112.3042
2405689,-986825.4,-66.39508,112.3037
2405700,-986805.1,-66.39506,112.3032
2405713,-986784.2,-66.39503,112.3026
2405724,-986764.1,-66.395,112.3021
2405736,-986743.7,-66.39497,112.3016
2405748,-986723.7,-66.39494,112.3011
2405761,-986702.7,-66.39491,112.3006
2405772,-986682.4,-66.39488,112.3001
2405784,-986662.1,-66.39485,112.2996
2405796,-986642.1,-66.39482,112.299
2405808,-986620.7,-66.39479,112.2985
2405821,-986600.7,-66.39476,112.298
2405833,-986580.5,-66.39473,112.2975
2405843,-986559.3,-66.39471,112.297
2405856,-986538.4,-66.39468,112.2964
2405868,-986518.4,-66.39465,112.2959
2405880,-986497.6,-66.39462,112.2954
2405893,-986476.9,-66.39458,112.2949
2405905,-986456.6,-66.39455,112.2943
2405917,-986435.7,-66.39453,112.2938
2405928,-986414.9,-66.3945,112.2933
2405940,-986393.8,-66.39447,112.2928
2405953,-986373.7,-66.39444,112.2923
2405966,-986353.2,-66.39441,112.2917
2405976,-986332.2,-66.39439,112.2912
2405988,-986311,-66.39436,112.2907
2406001,-986290.7,-66.39433,112.2902
2406013,-986270.1,-66.39429,112.2896
2406024,-986249.6,-66.39426,112.2891
2406038,-986228.2,-66.39423,112.2886
2406049,-986207.1,-66.39421,112.2881
2406061,-986187,-66.39418,112.2876
2406073,-986166.6,-66.39415,112.287
2406085,-986144.9,-66.39412,112.2865
2406098,-986124.2,-66.39409,112.286
2406110,-986104.2,-66.39406,112.2855
2406121,-986083,-66.39404,112.2849
2406134,-986062.1,-66.394,112.2844
2406146,-986041.1,-66.39397,112.2839
2406158,-986020.2,-66.39394,112.2833
2406170,-985999.3,-66.39391,112.2828
2406182,-985978.4,-66.39388,112.2823
2406194,-985958.1,-66.39386,112.2818
2406206,-985936.9,-66.39383,112.2812
2406218,-985915.4,-66.3938,112.2807
2406231,-985895.1,-66.39377,112.2802
2406244,-985874.4,-66.39374,112.2797
2406255,-985853.8,-66.39371,112.2791
2406267,-985832.2,-66.39368,112.2786
2406280,-985811.4,-66.39365,112.2781
2406291,-985790.4,-66.39362,112.2775
2406304,-985769.9,-66.39359,112.277
2406316,-985748.4,-66.39356,112.2765
2406328,-985728.1,-66.39353,112.276
2406341,-985707.7,-66.3935,112.2754
2406353,-985686.8,-66.39347,112.2749
2406365,-985665.1,-66.39344,112.2744
2406377,-985644.1,-66.39341,112.2738
2406389,-985622.9,-66.39339,112.2733
2406401,-985602,-66.39336,112.2728
2406414,-985580.8,-66.39333,112.2722
2406426,-985559.8,-66.3933,112.2717
2406438,-985539.2,-66.39326,112.2712
2406452,-985517.8,-66.39323,112.2707
2406463,-985497.1,-66.3932,112.2701
2406475,-985476.2,-66.39317,112.2696
2406487,-985455.3,-66.39314,112.2691
2406500,-985433.9,-66.39311,112.2685
2406512,-985413.5,-66.39308,112.268
2406524,-985392.5,-66.39305,112.2675
2406537,-985371.7,-66.39302,112.2669
2406550,-985349.9,-66.39299,112.2664
2406562,-985329,-66.39297,112.2659
2406574,-985307.8,-66.39294,112.2654
2406586,-985286.6,-66.39291,112.2648
2406598,-985265.4,-66.39288,112.2643
2406611,-985245,-66.39285,112.2637
2406623,-985223.4,-66.39281,112.2632
2406635,-985202.2,-66.39278,112.2627
2406648,-985181.2,-66.39275,112.2621
2406660,-985160.2,-66.39272,112.2616
2406672,-985139.2,-66.39269,112.2611
2406684,-985117.8,-66.39266,112.2606
2406698,-985096.9,-66.39263,112.26
2406709,-985075.6,-66.3926,112.2595
2406721,-985054.4,-66.39257,112.2589
2406735,-985034.2,-66.39253,112.2584
2406747,-985012,-66.3925,112.2579
2406760,-984991.4,-66.39247,112.2573
2406772,-984970.6,-66.39244,112.2568
2406785,-984948.4,-66.39241,112.2563
2406797,-984926.9,-66.39238,112.2557
2406809,-984906.5,-66.39235,112.2552
2406822,-984885.1,-66.39232,112.2547
2406834,-984863.8,-66.39229,112.2541
2406847,-984843.1,-66.39226,112.2536
2406860,-984821.8,-66.39222,112.253
2406873,-984800.9,-66.39219,112.2525
2406885,-984778.8,-66.39216,112.252
2406897,-984757.8,-66.39213,112.2514
2406910,-984737,-66.3921,112.2509
2406922,-984715.8,-66.39207,112.2504
2406936,-984694.2,-66.39203,112.2498
2406948,-984673.1,-66.392,112.2493
2406960,-984651.9,-66.39197,112.2487
2406972,-984630.8,-66.39194,112.2482
2406986,-984609,-66.39191,112.2477
2406998,-984587.9,-66.39187,112.2471
2407011,-984566.4,-66.39184,112.2466
2407023,-984545.2,-66.39181,112.246
2407036,-984523.7,-66.39178,112.2455
2407048,-984502.3,-66.39175,112.245
2407062,-984481.4,-66.39171,112.2444
2407074,-984459.2,-66.39168,112.2439
2407086,-984438.1,-66.39165,112.2433
2407099,-984417.2,-66.39162,112.2428
2407112,-984395.7,-66.39158,112.2423
2407125,-984374.5,-66.39155,112.2417
2407138,-984353,-66.39152,112.2412
2407150,-984331.7,-66.39149,112.2406
2407164,-984310.6,-66.39145,112.2401
2407176,-984288.4,-66.39142,112.2395
2407188,-984267.4,-66.39139,112.239
2407201,-984245.8,-66.39136,112.2385
2407214,-984224.9,-66.39132,112.2379
2407226,-984202.9,-66.39129,112.2374
2407239,-984181.2,-66.39126,112.2368
2407252,-984160.4,-66.39122,112.2363
2407266,-984139.2,-66.39119,112.2357
2407278,-984117.1,-66.39116,112.2352
2407291,-984096.2,-66.39112,112.2346
2407304,-984074.4,-66.39109,112.2341
2407316,-984053.2,-66.39106,112.2336
2407329,-984031.6,-66.39102,112.233
2407342,-984009.9,-66.39099,112.2325
2407355,-983988.4,-66.39096,112.2319
2407368,-983966.9,-66.39092,112.2314
2407380,-983945.4,-66.39089,112.2308
2407393,-983924.2,-66.39086,112.2303
2407406,-983903.2,-66.39082,112.2298
2407419,-983881.2,-66.39079,112.2292
2407431,-983859.4,-66.39076,112.2287
2407445,-983838.8,-66.39072,112.2281
2407458,-983817.9,-66.39069,112.2276
2407471,-983795.6,-66.39066,112.227
2407483,-983774.2,-66.39062,112.2265
2407496,-983752.9,-66.39059,112.2259
2407509,-983731.9,-66.39056,112.2254
2407522,-983710.1,-66.39053,112.2249
2407534,-983688.3,-66.3905,112.2243
2407548,-983667.3,-66.39046,112.2238
2407561,-983646,-66.39043,112.2232
2407573,-983624.1,-66.3904,112.2227
2407586,-983603.2,-66.39036,112.2221
2407599,-983581.4,-66.39033,112.2216
2407611,-983559.9,-66.3903,112.2211
2407625,-983538.2,-66.39026,112.2205
2407637,-983516.9,-66.39023,112.22
2407649,-983495.6,-66.3902,112.2194
2407663,-983474.1,-66.39016,112.2189
2407676,-983452.4,-66.39013,112.2183
2407688,-983431.2,-66.3901,112.2178
2407700,-983410,-66.39007,112.2172
2407714,-983387.8,-66.39003,112.2167
2407726,-983366.3,-66.39,112.2161
2407738,-983345.1,-66.38997,112.2156
2407751,-983324.1,-66.38994,112.2151
2407764,-983301.9,-66.3899,112.2145
2407778,-983281,-66.38987,112.214
2407790,-983259.8,-66.38984,112.2134
2407802,-983237.9,-66.38981,112.2129
2407815,-983215.9,-66.38978,112.2123
2407828,-983194.6,-66.38974,112.2118
2407840,-983173.1,-66.38971,112.2113
2407854,-983151.7,-66.38968,112.2107
2407866,-983129.5,-66.38965,112.2102
2407879,-983108.1,-66.38962,112.2096
2407892,-983087.2,-66.38958,112.2091
2407904,-983066.2,-66.38955,112.2085
2407918,-983043.5,-66.38952,112.208
2407930,-983022.4,-66.38949,112.2074
2407943,-983001.4,-66.38945,112.2069
2407956,-982979.9,-66.38942,112.2064
2407968,-982957.8,-66.38939,112.2058
2407981,-982936.4,-66.38936,112.2053
2407994,-982914.9,-66.38932,112.2047
2408007,-982893.1,-66.38929,112.2042
2408018,-982871.4,-66.38926,112.2036
2408032,-982850.2,-66.38922,112.2031
2408044,-982828.4,-66.38919,112.2025
2408058,-982806.8,-66.38916,112.202
2408071,-982785.5,-66.38913,112.2014
2408083,-982763.7,-66.38909,112.2009
2408096,-982742.2,-66.38906,112.2003
2408110,-982720.7,-66.38902,112.1998
2408122,-982699.1,-66.38899,112.1992
2408134,-982677.6,-66.38896,112.1987
2408147,-982655.9,-66.38893,112.1982
2408161,-982634.1,-66.38889,112.1976
2408174,-982613.2,-66.38886,112.1971
2408186,-982591.6,-66.38882,112.1965
2408199,-982570.1,-66.38879,112.196
2408212,-982547.8,-66.38876,112.1954
2408225,-982526.5,-66.38873,112.1949
2408238,-982505,-66.38869,112.1943
2408250,-982483.6,-66.38866,112.1938
2408264,-982461.9,-66.38863,112.1932
2408276,-982440.2,-66.3886,112.1927
2408289,-982418.1,-66.38857,112.1921
2408302,-982396.3,-66.38853,112.1916
2408315,-982374.6,-66.3885,112.191
2408328,-982353.9,-66.38846,112.1905
2408341,-982331.8,-66.38843,112.1899
2408354,-982309.2,-66.3884,112.1894
2408367,-982288.2,-66.38836,112.1888
2408380,-982266.7,-66.38833,112.1883
2408392,-982245,-66.3883,112.1877
2408406,-982223.1,-66.38826,112.1872
2408418,-982201.1,-66.38823,112.1866
2408431,-982179.2,-66.3882,112.1861
2408444,-982157.7,-66.38817,112.1855
2408457,-982135.8,-66.38813,112.185
2408470,-982113.9,-66.3881,112.1844
2408483,-982092.3,-66.38807,112.1839
2408496,-982071.2,-66.38803,112.1833
2408508,-982048.5,-66.388,112.1828
2408521,-982026.6,-66.38797,112.1822
2408534,-982005.2,-66.38794,112.1817
2408547,-981984,-66.3879,112.1811
2408561,-981961.4,-66.38787,112.1805
2408573,-981939.2,-66.38784,112.18
2408586,-981918.1,-66.3878,112.1794
2408599,-981895.6,-66.38777,112.1789
2408612,-981873.9,-66.38774,112.1783
2408625,-981852.2,-66.3877,112.1778
2408638,-981830.5,-66.38767,112.1772
2408650,-981807.8,-66.38764,112.1767
2408664,-981786.2,-66.3876,112.1761
2408676,-981764.8,-66.38757,112.1756
2408689,-981742.8,-66.38754,112.175
2408703,-981720.6,-66.3875,112.1745
2408716,-981699.1,-66.38747,112.1739
2408728,-981677,-66.38744,112.1734
2408742,-981656.1,-66.38741,112.1728
2408754,-981633.2,-66.38737,112.1722
2408766,-981611,-66.38734,112.1717
2408780,-981589.8,-66.38731,112.1711
2408793,-981567.8,-66.38728,112.1706
2408806,-981545.9,-66.38724,112.17
2408819,-981523.9,-66.38721,112.1695
2408833,-981502.1,-66.38717,112.1689
2408846,-981480.2,-66.38714,112.1684
2408859,-981458.2,-66.3871,112.1678
2408872,-981436.6,-66.38707,112.1673
2408884,-981414.2,-66.38704,112.1667
2408898,-981392.2,-66.387,112.1661
2408912,-981371.2,-66.38696,112.1656
2408924,-981348.7,-66.38693,112.165
2408937,-981327.1,-66.3869,112.1645
2408950,-981305,-66.38686,112.1639
2408964,-981283.6,-66.38683,112.1634
2408977,-981261.3,-66.3868,112.1628
2408990,-981239.9,-66.38676,112.1623
2409003,-981217,-66.38673,112.1617
2409016,-981195.4,-66.38669,112.1611
2409029,-981173.6,-66.38666,112.1606
2409042,-981152.4,-66.38662,112.16
2409056,-981129.8,-66.38659,112.1595
2409069,-981108.2,-66.38655,112.1589
2409082,-981086.8,-66.38651,112.1584
2409096,-981064.4,-66.38648,112.1578
2409109,-981042.5,-66.38644,112.1572
2409122,-981020.7,-66.38641,112.1567
2409135,-980999.1,-66.38638,112.1561
2409147,-980977.6,-66.38634,112.1556
2409162,-980955.3,-66.38631,112.155
2409174,-980933.2,-66.38628,112.1545
2409188,-980911.9,-66.38624,112.1539
2409200,-980889.8,-66.38621,112.1534
2409214,-980867.4,-66.38617,112.1528
2409226,-980845.9,-66.38613,112.1523
2409240,-980824.2,-66.3861,112.1517
2409253,-980802.1,-66.38606,112.1511
2409266,-980780,-66.38603,112.1506
2409279,-980758.6,-66.38599,112.15
2409292,-980736.9,-66.38596,112.1495
2409306,-980714.2,-66.38593,112.1489
2409318,-980692.4,-66.38589,112.1484
2409332,-980671.2,-66.38586,112.1478
2409345,-980649.2,-66.38583,112.1473
2409358,-980627.4,-66.38579,112.1467
2409371,-980605.3,-66.38576,112.1461
2409385,-980583.9,-66.38572,112.1456
2409397,-980561.9,-66.38569,112.145
2409411,-980539.6,-66.38565,112.1445
2409423,-980517.9,-66.38562,112.1439
2409437,-980496.2,-66.38558,112.1434
2409449,-980474.1,-66.38555,112.1428
2409463,-980452.4,-66.38551,112.1423
2409476,-980430.3,-66.38548,112.1417
2409489,-980409,-66.38544,112.1412
2409502,-980387.1,-66.38541,112.1406
2409514,-980364.8,-66.38538,112.14
2409528,-980342.9,-66.38535,112.1395
2409542,-980321.2,-66.38531,112.1389
2409554,-980298.9,-66.38528,112.1384
2409568,-980277.6,-66.38524,112.1378
2409580,-980255.4,-66.38521,112.1373
2409594,-980234,-66.38517,112.1367
2409608,-980212.1,-66.38513,112.1362
2409620,-980190.1,-66.3851,112.1356
2409634,-980168.6,-66.38506,112.1351
2409646,-980146.6,-66.38503,112.1345
2409660,-980124.6,-66.38499,112.1339
2409672,-980102.5,-66.38496,112.1334
2409686,-980080.9,-66.38493,112.1328
2409698,-980058.8,-66.3849,112.1323
2409712,-980037,-66.38486,112.1317
2409725,-980015.2,-66.38483,112.1312
2409738,-979993.4,-66.38479,112.1306
2409751,-979971.9,-66.38476,112.1301
2409764,-979949.9,-66.38472,112.1295
2409778,-979927.4,-66.38468,112.1289
2409790,-979905.9,-66.38465,112.1284
2409804,-979884.4,-66.38461,112.1278
2409817,-979861.4,-66.38458,112.1273
2409831,-979840.6,-66.38454,112.1267
2409843,-979817.8,-66.38451,112.1262
2409857,-979796,-66.38448,112.1256
2409869,-979774.1,-66.38445,112.1251
2409883,-979752.4,-66.38441,112.1245
2409895,-979730.5,-66.38438,112.1239
2409910,-979708.2,-66.38434,112.1234
2409922,-979686,-66.38431,112.1228
2409936,-979664.5,-66.38427,112.1223
2409948,-979643.1,-66.38424,112.1217
2409962,-979620.4,-66.3842,112.1211
2409975,-979598.3,-66.38417,112.1206
2409988,-979576.7,-66.38413,112.12
2410001,-979554.6,-66.3841,112.1195
2410014,-979532.2,-66.38406,112.1189
2410026,-979510.1,-66.38403,112.1184
2410040,-979488.7,-66.384,112.1178
2410053,-979466.2,-66.38396,112.1172
2410067,-979443.8,-66.38393,112.1167
2410079,-979422,-66.3839,112.1161
2410092,-979400.2,-66.38387,112.1156
2410105,-979378.1,-66.38383,112.115
2410120,-979355.7,-66.38379,112.1144
2410132,-979333.6,-66.38376,112.1139
2410145,-979311.7,-66.38373,112.1133
2410159,-979289.4,-66.38369,112.1128
2410172,-979267.6,-66.38365,112.1122
2410185,-979245.5,-66.38362,112.1116
2410198,-979223.1,-66.38359,112.1111
2410212,-979200.9,-66.38355,112.1105
2410226,-979179.1,-66.38351,112.11
2410238,-979157,-66.38348,112.1094
2410250,-979134.9,-66.38345,112.1088
2410264,-979112.6,-66.38342,112.1083
2410277,-979090.1,-66.38338,112.1077
2410290,-979068.4,-66.38335,112.1072
2410303,-979046.4,-66.38332,112.1066
2410316,-979023.7,-66.38328,112.106
2410330,-979001.8,-66.38325,112.1055
2410343,-978979.2,-66.38321,112.1049
2410356,-978957.5,-66.38318,112.1044
2410370,-978934.9,-66.38314,112.1038
2410383,-978913.1,-66.38311,112.1032
2410396,-978890.9,-66.38307,112.1027
2410409,-978868.5,-66.38304,112.1021
2410422,-978845.9,-66.383,112.1015
2410435,-978823.8,-66.38297,112.101
2410448,-978802.1,-66.38293,112.1004
2410461,-978779.8,-66.3829,112.0999
2410476,-978757.4,-66.38287,112.0993
2410488,-978735,-66.38284,112.0987
2410501,-978712.6,-66.3828,112.0982
2410515,-978690.1,-66.38277,112.0976
2410527,-978668,-66.38274,112.097
2410541,-978646.3,-66.3827,112.0965
2410554,-978623.9,-66.38267,112.0959
2410568,-978601.2,-66.38263,112.0953
2410580,-978579.1,-66.3826,112.0948
2410594,-978556.7,-66.38256,112.0942
2410606,-978534.4,-66.38253,112.0937
2410621,-978512.2,-66.38249,112.0931
2410634,-978490,-66.38246,112.0925
2410647,-978468.2,-66.38242,112.092
2410660,-978445.9,-66.38239,112.0914
2410674,-978423.3,-66.38235,112.0908
2410686,-978401,-66.38232,112.0903
2410699,-978378.9,-66.38229,112.0897
2410713,-978356.8,-66.38226,112.0891
2410726,-978334.1,-66.38222,112.0886
2410739,-978312,-66.38219,112.088
2410752,-978289.9,-66.38216,112.0874
2410766,-978267.5,-66.38212,112.0869
2410779,-978245.1,-66.38208,112.0863
2410792,-978223,-66.38205,112.0858
2410806,-978200.6,-66.38201,112.0852
2410819,-978178,-66.38198,112.0846
2410832,-978155.8,-66.38194,112.0841
2410845,-978134,-66.38191,112.0835
2410858,-978111.5,-66.38187,112.0829
2410872,-978088.9,-66.38184,112.0824
2410885,-978067,-66.38181,112.0818
2410898,-978045,-66.38177,112.0812
2410912,-978022.8,-66.38174,112.0807
2410926,-978000.8,-66.3817,112.0801
2410938,-977978.4,-66.38167,112.0796
2410951,-977956.2,-66.38163,112.079
2410964,-977933.8,-66.3816,112.0784
2410978,-977911.4,-66.38156,112.0779
2410991,-977888.9,-66.38153,112.0773
2411004,-977867.2,-66.38149,112.0767
2411017,-977845.3,-66.38146,112.0762
2411031,-977822.4,-66.38142,112.0756
2411045,-977800.3,-66.38139,112.075
2411057,-977778.2,-66.38136,112.0745
2411071,-977756.7,-66.38132,112.0739
2411083,-977733.3,-66.38129,112.0733
2411097,-977711.7,-66.38125,112.0728
2411110,-977689.4,-66.38122,112.0722
2411124,-977667.3,-66.38118,112.0717
2411138,-977644.8,-66.38114,112.0711
2411151,-977623.1,-66.38111,112.0705
2411164,-977601.2,-66.38107,112.07
2411177,-977578.6,-66.38104,112.0694
2411190,-977556.1,-66.381,112.0688
2411203,-977533.9,-66.38097,112.0683
2411216,-977512.2,-66.38094,112.0677
2411230,-977489.7,-66.3809,112.0672
2411243,-977467.6,-66.38087,112.0666
2411257,-977445.6,-66.38083,112.066
2411269,-977423.1,-66.3808,112.0655
2411284,-977400.8,-66.38076,112.0649
2411296,-977378.6,-66.38073,112.0644
2411310,-977357.1,-66.38069,112.0638
2411322,-977334.4,-66.38066,112.0632
2411336,-977311.9,-66.38062,112.0627
2411349,-977289.8,-66.38058,112.0621
2411362,-977268.1,-66.38055,112.0615
