2347293,-999647.8,-66.82764,113.0678
2347278,-999663.3,-66.82771,113.0683
2347262,-999678.7,-66.82778,113.0687
2347247,-999694.1,-66.82785,113.0692
2347232,-999709.6,-66.82792,113.0696
2347217,-999724.8,-66.82799,113.0701
2347202,-999739.8,-66.82806,113.0705
2347186,-999755.3,-66.82813,113.071
2347171,-999770.8,-66.8282,113.0714
2347155,-999786.4,-66.82828,113.0719
2347140,-999801.2,-66.82835,113.0723
2347126,-999816.4,-66.82841,113.0728
2347110,-999832.4,-66.82849,113.0732
2347094,-999846.9,-66.82856,113.0737
2347079,-999862.7,-66.82863,113.0741
2347064,-999878.2,-66.8287,113.0746
2347050,-999893.1,-66.82877,113.075
2347033,-999908.2,-66.82885,113.0755
2347018,-999924.2,-66.82892,113.076
2347002,-999938.4,-66.82899,113.0764
2346987,-999954.1,-66.82906,113.0769
2346972,-999969.6,-66.82914,113.0773
2346956,-999985.4,-66.82921,113.0778
2346940,-999999.6,-66.82928,113.0782
2346926,-1000015,-66.82935,113.0786
2346910,-1000030,-66.82943,113.0791
2346895,-1000045,-66.8295,113.0796
2346880,-1000061,-66.82957,113.08
2346864,-1000076,-66.82964,113.0805
2346848,-1000091,-66.82972,113.0809
2346833,-1000107,-66.8298,113.0814
2346818,-1000122,-66.82986,113.0818
2346801,-1000137,-66.82994,113.0823
2346787,-1000152,-66.83001,113.0827
2346771,-1000167,-66.83009,113.0831
2346756,-1000182,-66.83015,113.0836
2346740,-1000198,-66.83023,113.0841
2346725,-1000212,-66.8303,113.0845
2346710,-1000228,-66.83038,113.085
2346694,-1000244,-66.83044,113.0854
2346678,-1000259,-66.83052,113.0859
2346662,-1000273,-66.8306,113.0863
2346648,-1000289,-66.83067,113.0867
2346632,-1000304,-66.83074,113.0872
2346617,-1000319,-66.83081,113.0877
2346601,-1000335,-66.83089,113.0881
2346585,-1000349,-66.83096,113.0886
2346570,-1000365,-66.83103,113.089
2346555,-1000380,-66.83111,113.0895
2346538,-1000395,-66.83118,113.0899
2346523,-1000410,-66.83126,113.0904
2346508,-1000426,-66.83133,113.0908
2346492,-1000440,-66.83141,113.0912
2346477,-1000455,-66.83148,113.0917
2346462,-1000471,-66.83155,113.0922
2346446,-1000485,-66.83163,113.0926
2346431,-1000502,-66.8317,113.0931
2346414,-1000516,-66.83177,113.0935
2346399,-1000532,-66.83185,113.094
2346384,-1000547,-66.83192,113.0944
2346368,-1000562,-66.83199,113.0948
2346352,-1000577,-66.83207,113.0953
2346337,-1000592,-66.83214,113.0958
2346322,-1000608,-66.83221,113.0962
2346305,-1000622,-66.83229,113.0967
2346290,-1000638,-66.83236,113.0971
2346276,-1000653,-66.83244,113.0976
2346260,-1000668,-66.8325,113.098
2346244,-1000683,-66.83258,113.0985
2346228,-1000699,-66.83266,113.0989
2346214,-1000714,-66.83273,113.0994
2346198,-1000729,-66.8328,113.0998
2346182,-1000744,-66.83288,113.1003
2346166,-1000760,-66.83295,113.1007
2346152,-1000775,-66.83302,113.1012
2346135,-1000790,-66.8331,113.1016
2346120,-1000805,-66.83318,113.1021
2346104,-1000820,-66.83324,113.1025
2346088,-1000835,-66.83332,113.103
2346073,-1000851,-66.8334,113.1034
2346057,-1000865,-66.83347,113.1039
2346042,-1000881,-66.83354,113.1043
2346026,-1000896,-66.83362,113.1048
2346011,-1000911,-66.83369,113.1052
2345995,-1000926,-66.83376,113.1057
2345980,-1000942,-66.83383,113.1061
2345964,-1000958,-66.83391,113.1066
2345949,-1000972,-66.83398,113.107
2345934,-1000988,-66.83405,113.1075
2345918,-1001004,-66.83413,113.1079
2345902,-1001018,-66.83421,113.1084
2345886,-1001034,-66.83427,113.1089
2345871,-1001049,-66.83435,113.1093
2345856,-1001064,-66.83442,113.1097
2345839,-1001079,-66.8345,113.1102
2345825,-1001095,-66.83456,113.1107
2345810,-1001110,-66.83464,113.1111
2345793,-1001125,-66.83472,113.1116
2345778,-1001141,-66.83479,113.112
2345762,-1001156,-66.83486,113.1125
2345747,-1001171,-66.83493,113.1129
2345732,-1001187,-66.835,113.1134
2345716,-1001203,-66.83508,113.1138
2345702,-1001217,-66.83514,113.1143
2345686,-1001233,-66.83522,113.1147
2345671,-1001249,-66.83529,113.1152
2345654,-1001264,-66.83537,113.1156
2345639,-1001279,-66.83543,113.1161
2345623,-1001294,-66.83551,113.1166
2345608,-1001310,-66.83558,113.117
2345592,-1001326,-66.83566,113.1175
2345578,-1001341,-66.83572,113.1179
2345562,-1001356,-66.83579,113.1184
2345546,-1001372,-66.83587,113.1188
2345532,-1001388,-66.83594,113.1193
2345516,-1001403,-66.83601,113.1197
2345501,-1001418,-66.83608,113.1202
2345486,-1001434,-66.83615,113.1207
2345470,-1001449,-66.83622,113.1211
2345455,-1001464,-66.83629,113.1216
2345439,-1001480,-66.83636,113.122
2345424,-1001496,-66.83643,113.1225
2345408,-1001511,-66.83651,113.1229
2345393,-1001527,-66.83658,113.1234
2345378,-1001542,-66.83665,113.1238
2345362,-1001558,-66.83672,113.1243
2345348,-1001573,-66.83679,113.1247
2345332,-1001589,-66.83686,113.1252
2345316,-1001604,-66.83693,113.1257
2345302,-1001620,-66.837,113.1261
2345286,-1001636,-66.83707,113.1266
2345270,-1001651,-66.83714,113.127
2345255,-1001667,-66.83721,113.1275
2345240,-1001682,-66.83728,113.1279
2345225,-1001698,-66.83735,113.1284
2345210,-1001714,-66.83743,113.1289
2345194,-1001729,-66.83749,113.1293
2345179,-1001745,-66.83756,113.1298
2345164,-1001760,-66.83763,113.1302
2345149,-1001776,-66.8377,113.1307
2345132,-1001791,-66.83778,113.1311
2345118,-1001807,-66.83784,113.1316
2345103,-1001822,-66.83791,113.1321
2345088,-1001838,-66.83798,113.1325
2345072,-1001853,-66.83805,113.133
2345057,-1001870,-66.83812,113.1334
2345042,-1001885,-66.83819,113.1339
2345027,-1001900,-66.83826,113.1343
2345011,-1001916,-66.83833,113.1348
2344996,-1001932,-66.8384,113.1353
2344981,-1001947,-66.83847,113.1357
2344966,-1001963,-66.83854,113.1362
2344951,-1001978,-66.83861,113.1366
2344936,-1001995,-66.83868,113.1371
2344920,-1002010,-66.83875,113.1375
2344904,-1002026,-66.83882,113.138
2344890,-1002041,-66.83889,113.1385
2344874,-1002056,-66.83896,113.1389
2344859,-1002072,-66.83903,113.1394
2344844,-1002088,-66.8391,113.1398
2344828,-1002103,-66.83916,113.1403
2344813,-1002119,-66.83924,113.1407
2344798,-1002134,-66.83931,113.1412
2344783,-1002150,-66.83938,113.1417
2344768,-1002165,-66.83945,113.1421
2344753,-1002181,-66.83952,113.1426
2344738,-1002197,-66.83958,113.143
2344722,-1002212,-66.83965,113.1435
2344706,-1002228,-66.83973,113.1439
2344692,-1002244,-66.8398,113.1444
2344676,-1002259,-66.83987,113.1448
2344660,-1002275,-66.83994,113.1453
2344646,-1002290,-66.84,113.1458
2344630,-1002306,-66.84007,113.1462
2344615,-1002321,-66.84014,113.1467
2344600,-1002337,-66.84021,113.1471
2344584,-1002353,-66.84029,113.1476
2344570,-1002368,-66.84035,113.148
2344554,-1002384,-66.84042,113.1485
2344539,-1002399,-66.84049,113.149
2344524,-1002414,-66.84056,113.1494
2344508,-1002430,-66.84063,113.1499
2344493,-1002446,-66.8407,113.1503
2344478,-1002462,-66.84077,113.1508
2344463,-1002478,-66.84084,113.1512
2344447,-1002492,-66.84091,113.1517
2344432,-1002508,-66.84098,113.1522
2344417,-1002524,-66.84105,113.1526
2344402,-1002540,-66.84112,113.1531
2344387,-1002556,-66.84119,113.1535
2344372,-1002571,-66.84126,113.154
2344356,-1002587,-66.84133,113.1544
2344341,-1002602,-66.8414,113.1549
2344326,-1002618,-66.84147,113.1553
2344311,-1002633,-66.84154,113.1558
2344295,-1002648,-66.84161,113.1563
2344280,-1002664,-66.84167,113.1567
2344265,-1002679,-66.84174,113.1572
2344249,-1002695,-66.84182,113.1576
2344234,-1002710,-66.84189,113.1581
2344219,-1002726,-66.84196,113.1585
2344204,-1002742,-66.84203,113.159
2344189,-1002757,-66.84209,113.1594
2344174,-1002772,-66.84216,113.1599
2344158,-1002788,-66.84224,113.1604
2344143,-1002804,-66.84231,113.1608
2344128,-1002819,-66.84238,113.1613
2344113,-1002835,-66.84245,113.1617
2344097,-1002850,-66.84251,113.1622
2344082,-1002866,-66.84258,113.1626
2344068,-1002881,-66.84265,113.1631
2344052,-1002897,-66.84272,113.1635
2344036,-1002913,-66.8428,113.164
2344021,-1002928,-66.84286,113.1645
2344006,-1002944,-66.84293,113.1649
2343991,-1002959,-66.843,113.1654
2343976,-1002975,-66.84307,113.1658
2343961,-1002990,-66.84314,113.1663
2343946,-1003006,-66.84321,113.1667
2343930,-1003022,-66.84328,113.1672
2343915,-1003037,-66.84335,113.1676
2343900,-1003052,-66.84342,113.1681
2343884,-1003068,-66.84349,113.1686
2343869,-1003084,-66.84356,113.169
2343854,-1003100,-66.84363,113.1695
2343839,-1003115,-66.8437,113.1699
2343824,-1003130,-66.84377,113.1704
2343809,-1003146,-66.84383,113.1708
2343794,-1003162,-66.8439,113.1713
2343778,-1003177,-66.84397,113.1717
2343762,-1003192,-66.84405,113.1722
2343748,-1003208,-66.84412,113.1727
2343732,-1003223,-66.84418,113.1731
2343717,-1003239,-66.84425,113.1736
2343702,-1003255,-66.84432,113.174
2343687,-1003270,-66.84439,113.1745
2343672,-1003286,-66.84446,113.1749
2343657,-1003301,-66.84453,113.1754
2343642,-1003317,-66.8446,113.1758
2343627,-1003333,-66.84467,113.1763
2343611,-1003348,-66.84474,113.1768
2343596,-1003363,-66.8448,113.1772
2343581,-1003380,-66.84488,113.1777
2343565,-1003394,-66.84495,113.1781
2343550,-1003410,-66.84502,113.1786
2343535,-1003426,-66.84509,113.179
2343520,-1003442,-66.84515,113.1795
2343505,-1003456,-66.84522,113.1799
2343490,-1003473,-66.84529,113.1804
2343474,-1003488,-66.84536,113.1809
2343459,-1003504,-66.84543,113.1813
2343444,-1003520,-66.8455,113.1818
2343430,-1003535,-66.84557,113.1822
2343414,-1003551,-66.84563,113.1827
2343399,-1003566,-66.8457,113.1831
2343384,-1003582,-66.84577,113.1836
2343369,-1003597,-66.84584,113.1841
2343354,-1003612,-66.84591,113.1845
2343338,-1003628,-66.84598,113.185
2343323,-1003644,-66.84605,113.1854
2343308,-1003660,-66.84612,113.1859
2343294,-1003676,-66.84618,113.1863
2343279,-1003691,-66.84625,113.1868
2343264,-1003707,-66.84632,113.1872
2343248,-1003722,-66.84639,113.1877
2343233,-1003738,-66.84646,113.1882
2343218,-1003753,-66.84653,113.1886
2343202,-1003768,-66.8466,113.1891
2343188,-1003784,-66.84666,113.1895
2343172,-1003800,-66.84673,113.19
2343157,-1003815,-66.8468,113.1904
2343142,-1003831,-66.84687,113.1909
2343127,-1003846,-66.84694,113.1913
2343112,-1003862,-66.84701,113.1918
2343097,-1003878,-66.84708,113.1923
2343082,-1003893,-66.84715,113.1927
2343067,-1003909,-66.84721,113.1932
2343052,-1003924,-66.84728,113.1936
2343036,-1003940,-66.84735,113.1941
2343021,-1003955,-66.84742,113.1945
2343006,-1003971,-66.84749,113.195
2342991,-1003986,-66.84756,113.1954
2342976,-1004002,-66.84763,113.1959
2342960,-1004018,-66.84769,113.1964
2342946,-1004033,-66.84776,113.1968
2342930,-1004048,-66.84783,113.1973
2342916,-1004065,-66.8479,113.1977
2342900,-1004080,-66.84797,113.1982
2342885,-1004096,-66.84804,113.1986
2342871,-1004111,-66.8481,113.1991
2342856,-1004127,-66.84817,113.1995
2342841,-1004142,-66.84824,113.2
2342826,-1004158,-66.8483,113.2004
2342811,-1004173,-66.84837,113.2009
2342796,-1004189,-66.84844,113.2014
2342780,-1004204,-66.84851,113.2018
2342765,-1004220,-66.84858,113.2023
2342750,-1004236,-66.84865,113.2027
2342735,-1004251,-66.84872,113.2032
2342719,-1004267,-66.84879,113.2036
2342706,-1004282,-66.84885,113.2041
2342691,-1004298,-66.84892,113.2045
2342675,-1004314,-66.84898,113.205
2342660,-1004329,-66.84905,113.2054
2342645,-1004345,-66.84912,113.2059
2342630,-1004360,-66.84919,113.2064
2342614,-1004376,-66.84926,113.2068
2342599,-1004392,-66.84933,113.2073
2342585,-1004407,-66.84939,113.2077
2342570,-1004423,-66.84946,113.2082
2342555,-1004438,-66.84953,113.2086
2342540,-1004454,-66.84959,113.2091
2342524,-1004470,-66.84966,113.2096
2342510,-1004485,-66.84973,113.21
2342494,-1004501,-66.8498,113.2105
2342480,-1004516,-66.84987,113.2109
2342464,-1004532,-66.84994,113.2114
2342450,-1004548,-66.85001,113.2118
2342434,-1004563,-66.85007,113.2123
2342419,-1004579,-66.85014,113.2127
2342404,-1004594,-66.85021,113.2132
2342390,-1004610,-66.85027,113.2136
2342375,-1004626,-66.85034,113.2141
2342360,-1004641,-66.85041,113.2146
2342344,-1004657,-66.85048,113.215
2342329,-1004672,-66.85055,113.2155
2342314,-1004688,-66.85062,113.2159
2342299,-1004703,-66.85069,113.2164
2342284,-1004718,-66.85075,113.2168
2342269,-1004734,-66.85082,113.2173
2342254,-1004750,-66.85089,113.2177
2342239,-1004766,-66.85096,113.2182
2342223,-1004782,-66.85103,113.2187
2342208,-1004796,-66.8511,113.2191
2342194,-1004811,-66.85117,113.2196
2342178,-1004828,-66.85123,113.22
2342163,-1004843,-66.8513,113.2205
2342148,-1004859,-66.85137,113.2209
2342133,-1004874,-66.85144,113.2214
2342118,-1004889,-66.85151,113.2218
2342102,-1004905,-66.85158,113.2223
2342088,-1004921,-66.85165,113.2227
2342073,-1004936,-66.85172,113.2232
2342058,-1004952,-66.85178,113.2236
2342043,-1004967,-66.85185,113.2241
2342028,-1004983,-66.85192,113.2246
2342012,-1004998,-66.85199,113.225
2341997,-1005014,-66.85206,113.2255
2341982,-1005029,-66.85213,113.2259
2341966,-1005044,-66.8522,113.2264
2341951,-1005060,-66.85227,113.2268
2341936,-1005075,-66.85234,113.2273
2341921,-1005091,-66.85241,113.2277
2341905,-1005106,-66.85249,113.2282
2341890,-1005121,-66.85255,113.2286
2341875,-1005137,-66.85262,113.2291
2341860,-1005152,-66.85269,113.2295
2341845,-1005168,-66.85276,113.23
2341828,-1005182,-66.85284,113.2305
2341814,-1005198,-66.85291,113.2309
2341798,-1005214,-66.85297,113.2314
2341783,-1005229,-66.85304,113.2318
2341768,-1005244,-66.85312,113.2323
2341752,-1005260,-66.85319,113.2327
2341738,-1005275,-66.85326,113.2332
2341722,-1005290,-66.85333,113.2336
2341707,-1005306,-66.8534,113.2341
2341692,-1005321,-66.85347,113.2345
2341676,-1005336,-66.85355,113.235
2341661,-1005351,-66.85361,113.2354
2341644,-1005366,-66.85369,113.2359
2341630,-1005382,-66.85376,113.2363
2341614,-1005396,-66.85384,113.2368
2341599,-1005412,-66.8539,113.2372
2341583,-1005427,-66.85398,113.2377
2341568,-1005442,-66.85405,113.2381
2341552,-1005458,-66.85413,113.2386
2341537,-1005473,-66.85419,113.239
2341521,-1005488,-66.85427,113.2395
2341507,-1005504,-66.85434,113.2399
2341490,-1005518,-66.85442,113.2404
2341475,-1005534,-66.85448,113.2408
2341460,-1005549,-66.85456,113.2413
2341444,-1005564,-66.85463,113.2417
2341430,-1005580,-66.8547,113.2422
2341414,-1005594,-66.85477,113.2426
2341399,-1005610,-66.85484,113.2431
2341382,-1005624,-66.85492,113.2435
2341367,-1005640,-66.85499,113.244
2341352,-1005655,-66.85506,113.2444
2341337,-1005670,-66.85513,113.2449
2341320,-1005686,-66.85521,113.2453
2341306,-1005701,-66.85528,113.2458
2341290,-1005716,-66.85535,113.2463
2341275,-1005731,-66.85542,113.2467
2341260,-1005746,-66.85549,113.2471
2341244,-1005762,-66.85557,113.2476
2341230,-1005777,-66.85564,113.248
2341214,-1005792,-66.85571,113.2485
2341198,-1005807,-66.85578,113.249
2341183,-1005822,-66.85585,113.2494
2341167,-1005838,-66.85593,113.2499
2341152,-1005853,-66.856,113.2503
2341137,-1005869,-66.85606,113.2508
2341121,-1005884,-66.85614,113.2512
2341106,-1005899,-66.85621,113.2517
2341090,-1005914,-66.85629,113.2521
2341075,-1005929,-66.85635,113.2526
2341061,-1005944,-66.85642,113.253
2341044,-1005960,-66.8565,113.2535
2341030,-1005975,-66.85657,113.2539
2341013,-1005990,-66.85664,113.2544
2340998,-1006005,-66.85671,113.2548
2340984,-1006021,-66.85678,113.2553
2340968,-1006036,-66.85686,113.2557
2340953,-1006051,-66.85693,113.2562
2340938,-1006067,-66.85699,113.2566
2340922,-1006083,-66.85706,113.2571
2340906,-1006097,-66.85714,113.2575
2340891,-1006113,-66.85721,113.258
2340876,-1006128,-66.85728,113.2584
2340862,-1006143,-66.85735,113.2589
2340846,-1006159,-66.85742,113.2593
2340830,-1006174,-66.85749,113.2598
2340815,-1006189,-66.85756,113.2602
2340800,-1006205,-66.85763,113.2607
2340786,-1006220,-66.8577,113.2611
2340769,-1006236,-66.85777,113.2616
2340754,-1006251,-66.85784,113.2621
2340740,-1006267,-66.85791,113.2625
2340724,-1006282,-66.85798,113.263
2340708,-1006297,-66.85805,113.2634
2340693,-1006313,-66.85812,113.2639
2340678,-1006328,-66.85818,113.2643
2340662,-1006343,-66.85826,113.2648
2340647,-1006359,-66.85833,113.2652
2340633,-1006374,-66.8584,113.2657
2340618,-1006390,-66.85847,113.2661
2340602,-1006405,-66.85854,113.2666
2340587,-1006420,-66.8586,113.267
2340572,-1006436,-66.85867,113.2675
2340557,-1006452,-66.85874,113.268
2340542,-1006467,-66.85881,113.2684
2340527,-1006483,-66.85888,113.2689
2340512,-1006498,-66.85895,113.2693
2340497,-1006514,-66.85902,113.2698
2340482,-1006529,-66.85909,113.2702
2340467,-1006545,-66.85915,113.2707
2340451,-1006560,-66.85922,113.2711
2340437,-1006576,-66.85928,113.2716
2340422,-1006592,-66.85935,113.272
2340407,-1006607,-66.85942,113.2725
2340392,-1006622,-66.85949,113.273
2340376,-1006638,-66.85956,113.2734
2340361,-1006653,-66.85963,113.2739
2340346,-1006669,-66.8597,113.2743
2340332,-1006685,-66.85976,113.2748
2340316,-1006701,-66.85983,113.2752
2340302,-1006716,-66.85989,113.2757
2340288,-1006732,-66.85995,113.2761
2340272,-1006748,-66.86002,113.2766
2340257,-1006763,-66.86009,113.2771
2340243,-1006778,-66.86015,113.2775
2340227,-1006795,-66.86022,113.278
2340212,-1006810,-66.86029,113.2784
2340197,-1006826,-66.86036,113.2789
2340183,-1006842,-66.86042,113.2793
2340168,-1006857,-66.86049,113.2798
2340152,-1006873,-66.86056,113.2803
2340138,-1006888,-66.86063,113.2807
2340122,-1006904,-66.86069,113.2812
2340108,-1006920,-66.86076,113.2816
2340093,-1006935,-66.86082,113.2821
2340078,-1006951,-66.86089,113.2825
2340063,-1006966,-66.86096,113.283
2340048,-1006982,-66.86103,113.2834
2340033,-1006998,-66.86109,113.2839
2340018,-1007013,-66.86116,113.2843
2340003,-1007028,-66.86123,113.2848
2339988,-1007044,-66.8613,113.2852
2339973,-1007060,-66.86137,113.2857
2339958,-1007075,-66.86143,113.2862
2339943,-1007090,-66.8615,113.2866
2339928,-1007106,-66.86156,113.2871
2339912,-1007122,-66.86163,113.2875
2339899,-1007137,-66.86169,113.288
2339883,-1007153,-66.86176,113.2884
2339868,-1007168,-66.86183,113.2889
2339853,-1007184,-66.8619,113.2893
2339838,-1007200,-66.86197,113.2898
2339824,-1007215,-66.86203,113.2902
2339808,-1007231,-66.8621,113.2907
2339793,-1007246,-66.86217,113.2912
2339778,-1007262,-66.86224,113.2916
2339763,-1007278,-66.8623,113.2921
2339748,-1007293,-66.86237,113.2925
2339734,-1007309,-66.86243,113.293
2339719,-1007324,-66.8625,113.2934
2339704,-1007340,-66.86257,113.2939
2339688,-1007355,-66.86264,113.2943
2339674,-1007371,-66.8627,113.2948
2339659,-1007386,-66.86277,113.2952
2339644,-1007402,-66.86284,113.2957
2339629,-1007417,-66.86291,113.2962
2339614,-1007433,-66.86298,113.2966
2339600,-1007448,-66.86304,113.2971
2339584,-1007464,-66.86311,113.2975
2339570,-1007480,-66.86317,113.298
2339554,-1007495,-66.86324,113.2984
2339540,-1007511,-66.8633,113.2989
2339525,-1007526,-66.86337,113.2993
2339510,-1007542,-66.86344,113.2998
2339494,-1007558,-66.86351,113.3002
2339480,-1007573,-66.86357,113.3007
2339465,-1007589,-66.86364,113.3012
2339450,-1007604,-66.86371,113.3016
2339435,-1007620,-66.86378,113.3021
2339421,-1007636,-66.86384,113.3025
2339406,-1007651,-66.86391,113.303
2339390,-1007667,-66.86398,113.3034
2339376,-1007682,-66.86404,113.3039
2339361,-1007698,-66.86411,113.3043
2339346,-1007713,-66.86417,113.3048
2339331,-1007728,-66.86423,113.3052
2339316,-1007744,-66.8643,113.3057
2339301,-1007760,-66.86437,113.3061
2339287,-1007776,-66.86443,113.3066
2339271,-1007791,-66.8645,113.3071
2339256,-1007806,-66.86457,113.3075
2339242,-1007822,-66.86464,113.308
2339228,-1007838,-66.8647,113.3084
2339212,-1007852,-66.86477,113.3089
2339197,-1007868,-66.86484,113.3093
2339182,-1007884,-66.86491,113.3098
2339168,-1007900,-66.86497,113.3102
2339153,-1007915,-66.86504,113.3107
2339138,-1007930,-66.8651,113.3111
2339124,-1007947,-66.86517,113.3116
2339108,-1007962,-66.86523,113.312
2339094,-1007977,-66.8653,113.3125
2339079,-1007993,-66.86536,113.3129
2339064,-1008008,-66.86543,113.3134
2339048,-1008024,-66.8655,113.3139
2339034,-1008039,-66.86556,113.3143
2339019,-1008055,-66.86563,113.3148
2339004,-1008070,-66.8657,113.3152
2338990,-1008085,-66.86576,113.3157
2338974,-1008102,-66.86583,113.3161
2338960,-1008117,-66.8659,113.3166
2338944,-1008132,-66.86597,113.317
2338930,-1008147,-66.86604,113.3175
2338914,-1008163,-66.8661,113.3179
2338899,-1008178,-66.86617,113.3184
2338884,-1008193,-66.86624,113.3188
2338870,-1008209,-66.86631,113.3193
2338854,-1008224,-66.86638,113.3197
2338839,-1008239,-66.86645,113.3202
2338824,-1008255,-66.86652,113.3206
2338810,-1008270,-66.86658,113.3211
2338794,-1008285,-66.86665,113.3215
2338778,-1008300,-66.86672,113.322
2338764,-1008315,-66.86679,113.3224
2338749,-1008331,-66.86686,113.3229
2338734,-1008346,-66.86693,113.3233
2338719,-1008361,-66.867,113.3238
2338703,-1008377,-66.86707,113.3242
2338688,-1008391,-66.86714,113.3247
2338673,-1008406,-66.86721,113.3251
2338658,-1008422,-66.86728,113.3256
2338643,-1008437,-66.86735,113.326
2338628,-1008452,-66.86742,113.3265
2338613,-1008468,-66.86749,113.3269
2338597,-1008483,-66.86756,113.3273
2338582,-1008498,-66.86763,113.3278
2338567,-1008513,-66.8677,113.3282
2338552,-1008528,-66.86777,113.3287
2338536,-1008543,-66.86784,113.3291
2338522,-1008558,-66.86791,113.3296
2338506,-1008574,-66.86798,113.33
2338491,-1008588,-66.86806,113.3305
2338476,-1008604,-66.86813,113.3309
2338461,-1008618,-66.86819,113.3314
2338444,-1008633,-66.86827,113.3318
2338429,-1008648,-66.86834,113.3323
2338414,-1008663,-66.86842,113.3327
2338399,-1008679,-66.86848,113.3332
2338384,-1008693,-66.86855,113.3336
2338368,-1008708,-66.86863,113.334
2338354,-1008724,-66.8687,113.3345
2338338,-1008738,-66.86877,113.3349
2338322,-1008753,-66.86884,113.3354
2338308,-1008769,-66.86891,113.3358
2338293,-1008783,-66.86898,113.3363
2338277,-1008799,-66.86906,113.3367
2338262,-1008814,-66.86913,113.3372
2338247,-1008828,-66.8692,113.3376
2338232,-1008843,-66.86927,113.3381
2338216,-1008858,-66.86934,113.3385
2338200,-1008873,-66.86942,113.339
2338186,-1008888,-66.86948,113.3394
2338170,-1008903,-66.86956,113.3398
2338155,-1008918,-66.86963,113.3403
2338140,-1008933,-66.8697,113.3407
2338124,-1008948,-66.86977,113.3412
2338109,-1008963,-66.86984,113.3416
2338093,-1008977,-66.86992,113.3421
2338078,-1008993,-66.86999,113.3425
2338063,-1009008,-66.87006,113.343
2338047,-1009023,-66.87013,113.3434
2338032,-1009038,-66.8702,113.3438
2338017,-1009053,-66.87028,113.3443
2338002,-1009068,-66.87035,113.3447
2337987,-1009083,-66.87041,113.3452
2337971,-1009097,-66.87049,113.3456
2337956,-1009112,-66.87056,113.3461
2337941,-1009127,-66.87064,113.3465
2337925,-1009142,-66.8707,113.347
2337910,-1009157,-66.87078,113.3474
2337896,-1009172,-66.87085,113.3478
2337880,-1009187,-66.87092,113.3483
2337864,-1009202,-66.87099,113.3487
2337849,-1009218,-66.87106,113.3492
2337834,-1009232,-66.87114,113.3496
2337819,-1009247,-66.87121,113.3501
2337804,-1009262,-66.87128,113.3505
2337788,-1009277,-66.87135,113.351
2337773,-1009292,-66.87142,113.3514
2337758,-1009307,-66.87149,113.3519
2337742,-1009321,-66.87157,113.3523
2337727,-1009337,-66.87164,113.3528
2337712,-1009352,-66.8717,113.3532
2337696,-1009367,-66.87178,113.3536
2337681,-1009382,-66.87185,113.3541
2337666,-1009397,-66.87193,113.3545
2337651,-1009412,-66.87199,113.355
2337636,-1009427,-66.87206,113.3554
2337620,-1009441,-66.87214,113.3559
2337605,-1009456,-66.87221,113.3563
2337590,-1009471,-66.87228,113.3568
2337574,-1009486,-66.87235,113.3572
2337559,-1009502,-66.87242,113.3577
2337544,-1009516,-66.87249,113.3581
2337528,-1009532,-66.87257,113.3585
2337514,-1009546,-66.87263,113.359
2337498,-1009562,-66.8727,113.3594
2337482,-1009576,-66.87278,113.3599
2337468,-1009591,-66.87285,113.3603
2337453,-1009607,-66.87292,113.3608
2337438,-1009622,-66.87299,113.3612
2337422,-1009637,-66.87306,113.3617
2337406,-1009652,-66.87313,113.3621
2337392,-1009666,-66.8732,113.3625
2337377,-1009682,-66.87327,113.363
2337362,-1009697,-66.87334,113.3634
2337346,-1009712,-66.87341,113.3639
2337332,-1009727,-66.87348,113.3643
2337316,-1009742,-66.87355,113.3648
2337300,-1009757,-66.87362,113.3652
2337286,-1009772,-66.8737,113.3657
2337271,-1009787,-66.87376,113.3661
2337255,-1009802,-66.87383,113.3666
2337240,-1009817,-66.8739,113.367
2337225,-1009833,-66.87397,113.3675
2337210,-1009847,-66.87404,113.3679
2337195,-1009862,-66.87411,113.3683
2337180,-1009878,-66.87418,113.3688
2337165,-1009893,-66.87425,113.3692
2337150,-1009908,-66.87432,113.3697
2337135,-1009923,-66.87439,113.3701
2337120,-1009938,-66.87446,113.3706
2337104,-1009953,-66.87453,113.371
2337089,-1009968,-66.8746,113.3715
2337074,-1009983,-66.87467,113.3719
2337058,-1009998,-66.87474,113.3724
2337044,-1010013,-66.87481,113.3728
2337029,-1010029,-66.87488,113.3733
2337014,-1010043,-66.87495,113.3737
2336999,-1010058,-66.87502,113.3742
2336984,-1010074,-66.87508,113.3746
2336969,-1010089,-66.87515,113.3751
2336954,-1010104,-66.87522,113.3755
2336939,-1010119,-66.87529,113.3759
2336924,-1010134,-66.87536,113.3764
2336909,-1010150,-66.87543,113.3768
2336894,-1010165,-66.8755,113.3773
2336879,-1010181,-66.87556,113.3777
2336864,-1010195,-66.87563,113.3782
2336850,-1010211,-66.87569,113.3786
2336834,-1010225,-66.87577,113.3791
2336820,-1010241,-66.87583,113.3795
2336805,-1010257,-66.8759,113.38
2336790,-1010271,-66.87597,113.3804
2336774,-1010286,-66.87604,113.3809
2336759,-1010302,-66.87611,113.3813
2336744,-1010317,-66.87617,113.3818
2336730,-1010331,-66.87624,113.3822
2336715,-1010347,-66.87631,113.3827
2336700,-1010362,-66.87637,113.3831
2336685,-1010378,-66.87644,113.3836
2336670,-1010393,-66.87651,113.384
2336655,-1010408,-66.87658,113.3844
2336640,-1010423,-66.87665,113.3849
2336626,-1010438,-66.87671,113.3853
2336611,-1010454,-66.87678,113.3858
2336596,-1010469,-66.87685,113.3862
2336581,-1010484,-66.87691,113.3867
2336566,-1010500,-66.87698,113.3871
2336552,-1010515,-66.87704,113.3876
2336537,-1010530,-66.87711,113.388
2336522,-1010545,-66.87718,113.3885
2336508,-1010560,-66.87724,113.3889
2336492,-1010576,-66.87731,113.3894
2336478,-1010591,-66.87738,113.3898
2336463,-1010607,-66.87744,113.3903
2336448,-1010622,-66.87751,113.3907
2336434,-1010637,-66.87757,113.3912
2336419,-1010653,-66.87764,113.3916
2336404,-1010668,-66.87771,113.3921
2336390,-1010683,-66.87777,113.3925
2336374,-1010699,-66.87784,113.393
2336360,-1010714,-66.87791,113.3934
2336344,-1010729,-66.87798,113.3939
2336331,-1010744,-66.87804,113.3943
2336316,-1010759,-66.87811,113.3947
2336301,-1010775,-66.87817,113.3952
2336286,-1010790,-66.87823,113.3956
2336271,-1010806,-66.8783,113.3961
2336256,-1010821,-66.87837,113.3965
2336242,-1010836,-66.87843,113.397
2336227,-1010851,-66.8785,113.3974
2336212,-1010866,-66.87857,113.3979
2336197,-1010882,-66.87864,113.3983
2336183,-1010897,-66.8787,113.3988
2336168,-1010912,-66.87877,113.3992
2336152,-1010928,-66.87884,113.3997
2336138,-1010943,-66.8789,113.4001
2336124,-1010958,-66.87897,113.4006
2336109,-1010973,-66.87904,113.401
2336094,-1010989,-66.8791,113.4015
2336078,-1011004,-66.87917,113.4019
2336064,-1011019,-66.87923,113.4024
2336050,-1011034,-66.8793,113.4028
2336035,-1011050,-66.87936,113.4033
2336020,-1011065,-66.87943,113.4037
2336004,-1011080,-66.8795,113.4041
2335991,-1011096,-66.87956,113.4046
2335976,-1011110,-66.87963,113.405
2335960,-1011126,-66.8797,113.4055
2335946,-1011142,-66.87976,113.4059
2335932,-1011157,-66.87983,113.4064
2335917,-1011172,-66.8799,113.4068
2335902,-1011187,-66.87996,113.4073
2335887,-1011202,-66.88003,113.4077
2335873,-1011218,-66.8801,113.4082
2335858,-1011233,-66.88017,113.4086
2335842,-1011248,-66.88023,113.4091
2335828,-1011263,-66.88029,113.4095
2335812,-1011279,-66.88036,113.41
2335798,-1011294,-66.88042,113.4104
2335784,-1011309,-66.88049,113.4109
2335768,-1011325,-66.88056,113.4113
2335753,-1011339,-66.88063,113.4118
2335739,-1011355,-66.88069,113.4122
2335724,-1011370,-66.88076,113.4126
2335709,-1011385,-66.88083,113.4131
2335694,-1011401,-66.8809,113.4135
2335680,-1011416,-66.88096,113.414
2335665,-1011431,-66.88103,113.4144
2335650,-1011446,-66.8811,113.4149
2335635,-1011462,-66.88116,113.4153
2335620,-1011477,-66.88123,113.4158
2335606,-1011492,-66.88129,113.4162
2335590,-1011508,-66.88136,113.4167
2335576,-1011523,-66.88143,113.4171
2335561,-1011538,-66.88149,113.4176
2335546,-1011553,-66.88156,113.418
2335531,-1011568,-66.88163,113.4185
2335516,-1011584,-66.8817,113.4189
2335502,-1011599,-66.88177,113.4194
2335487,-1011614,-66.88183,113.4198
2335472,-1011629,-66.8819,113.4203
2335457,-1011644,-66.88197,113.4207
2335443,-1011660,-66.88203,113.4211
2335428,-1011676,-66.8821,113.4216
2335413,-1011690,-66.88216,113.422
2335398,-1011706,-66.88223,113.4225
2335383,-1011721,-66.88229,113.4229
2335368,-1011736,-66.88236,113.4234
2335354,-1011751,-66.88243,113.4238
2335339,-1011766,-66.8825,113.4243
2335324,-1011782,-66.88257,113.4247
2335309,-1011797,-66.88263,113.4252
2335294,-1011812,-66.8827,113.4256
2335279,-1011827,-66.88277,113.4261
2335264,-1011843,-66.88284,113.4265
2335249,-1011858,-66.8829,113.427
2335234,-1011873,-66.88297,113.4274
2335220,-1011888,-66.88303,113.4279
2335204,-1011903,-66.8831,113.4283
2335189,-1011919,-66.88317,113.4288
2335175,-1011934,-66.88324,113.4292
2335160,-1011949,-66.8833,113.4297
2335145,-1011964,-66.88337,113.4301
2335130,-1011980,-66.88344,113.4306
2335115,-1011995,-66.88351,113.431
2335100,-1012010,-66.88358,113.4314
2335085,-1012025,-66.88364,113.4319
2335071,-1012041,-66.88371,113.4323
2335056,-1012056,-66.88377,113.4328
2335041,-1012071,-66.88384,113.4332
2335026,-1012086,-66.88391,113.4337
2335011,-1012102,-66.88398,113.4341
2334996,-1012117,-66.88405,113.4346
2334981,-1012132,-66.88412,113.435
2334967,-1012147,-66.88418,113.4355
2334952,-1012162,-66.88425,113.4359
2334937,-1012178,-66.88432,113.4364
2334922,-1012193,-66.88438,113.4368
2334907,-1012208,-66.88445,113.4373
2334892,-1012223,-66.88452,113.4377
2334877,-1012238,-66.88459,113.4382
2334861,-1012254,-66.88466,113.4386
2334846,-1012268,-66.88473,113.4391
2334832,-1012284,-66.88479,113.4395
2334816,-1012299,-66.88486,113.4399
2334802,-1012314,-66.88493,113.4404
2334786,-1012329,-66.885,113.4408
2334772,-1012344,-66.88506,113.4413
2334757,-1012359,-66.88513,113.4417
2334742,-1012375,-66.8852,113.4422
2334727,-1012390,-66.88527,113.4426
2334712,-1012405,-66.88534,113.4431
2334697,-1012420,-66.88541,113.4435
2334682,-1012435,-66.88548,113.444
2334667,-1012451,-66.88554,113.4444
2334652,-1012466,-66.88561,113.4449
2334637,-1012481,-66.88568,113.4453
2334622,-1012496,-66.88574,113.4458
2334608,-1012511,-66.88581,113.4462
2334592,-1012527,-66.88588,113.4467
2334578,-1012542,-66.88595,113.4471
2334563,-1012557,-66.88602,113.4476
2334548,-1012572,-66.88609,113.448
2334533,-1012587,-66.88615,113.4484
2334517,-1012602,-66.88622,113.4489
2334502,-1012618,-66.88629,113.4493
2334487,-1012632,-66.88636,113.4498
2334472,-1012647,-66.88643,113.4502
2334457,-1012663,-66.8865,113.4507
2334442,-1012678,-66.88657,113.4511
2334427,-1012693,-66.88663,113.4516
2334412,-1012708,-66.8867,113.452
2334396,-1012723,-66.88678,113.4525
2334382,-1012738,-66.88685,113.4529
2334366,-1012753,-66.88692,113.4534
2334351,-1012768,-66.88699,113.4538
2334337,-1012783,-66.88705,113.4543
2334322,-1012799,-66.88712,113.4547
2334307,-1012814,-66.88719,113.4552
2334290,-1012829,-66.88727,113.4556
2334275,-1012844,-66.88734,113.4561
2334260,-1012859,-66.88741,113.4565
2334245,-1012874,-66.88747,113.4569
2334230,-1012889,-66.88754,113.4574
2334214,-1012904,-66.88762,113.4578
2334200,-1012919,-66.88769,113.4583
2334185,-1012934,-66.88776,113.4587
2334170,-1012949,-66.88783,113.4592
2334154,-1012964,-66.8879,113.4596
2334139,-1012978,-66.88797,113.4601
2334124,-1012994,-66.88804,113.4605
2334108,-1013008,-66.88811,113.461
2334094,-1013024,-66.88818,113.4614
2334078,-1013039,-66.88825,113.4619
2334062,-1013053,-66.88833,113.4623
2334047,-1013069,-66.8884,113.4627
2334032,-1013083,-66.88847,113.4632
2334016,-1013099,-66.88854,113.4636
2334002,-1013113,-66.88861,113.4641
2333986,-1013128,-66.88869,113.4645
2333971,-1013143,-66.88876,113.465
2333956,-1013158,-66.88882,113.4654
2333940,-1013173,-66.8889,113.4659
2333924,-1013188,-66.88897,113.4663
2333909,-1013202,-66.88905,113.4667
2333894,-1013217,-66.88911,113.4672
2333879,-1013232,-66.88919,113.4676
2333864,-1013247,-66.88926,113.4681
2333848,-1013262,-66.88934,113.4685
2333832,-1013277,-66.8894,113.469
2333817,-1013292,-66.88948,113.4694
2333802,-1013306,-66.88955,113.4699
2333786,-1013321,-66.88963,113.4703
2333770,-1013336,-66.8897,113.4707
2333756,-1013351,-66.88977,113.4712
2333740,-1013366,-66.88985,113.4716
2333725,-1013381,-66.88992,113.4721
2333709,-1013395,-66.88999,113.4725
2333693,-1013410,-66.89006,113.473
2333678,-1013426,-66.89014,113.4734
2333663,-1013440,-66.89021,113.4739
2333647,-1013455,-66.89028,113.4743
2333632,-1013469,-66.89035,113.4747
2333617,-1013484,-66.89043,113.4752
2333602,-1013499,-66.8905,113.4756
2333586,-1013514,-66.89057,113.4761
2333571,-1013529,-66.89064,113.4765
2333554,-1013544,-66.89072,113.477
2333539,-1013559,-66.89079,113.4774
2333524,-1013573,-66.89086,113.4779
2333508,-1013588,-66.89094,113.4783
2333493,-1013603,-66.89101,113.4788
2333478,-1013618,-66.89108,113.4792
2333463,-1013633,-66.89115,113.4797
2333447,-1013648,-66.89123,113.4801
2333432,-1013663,-66.8913,113.4805
2333416,-1013678,-66.89137,113.481
2333400,-1013692,-66.89145,113.4814
2333385,-1013708,-66.89152,113.4819
2333370,-1013721,-66.89159,113.4823
2333354,-1013737,-66.89166,113.4828
2333339,-1013752,-66.89174,113.4832
2333324,-1013767,-66.89181,113.4837
2333308,-1013782,-66.89188,113.4841
2333293,-1013797,-66.89195,113.4845
2333277,-1013811,-66.89203,113.485
2333262,-1013826,-66.8921,113.4854
2333246,-1013841,-66.89217,113.4859
2333230,-1013856,-66.89225,113.4863
2333215,-1013871,-66.89232,113.4868
2333201,-1013886,-66.89239,113.4872
2333184,-1013901,-66.89246,113.4877
2333169,-1013915,-66.89253,113.4881
2333154,-1013930,-66.89261,113.4885
2333140,-1013946,-66.89268,113.489
2333123,-1013960,-66.89275,113.4894
2333108,-1013975,-66.89282,113.4899
2333092,-1013990,-66.8929,113.4903
2333078,-1014005,-66.89297,113.4908
2333062,-1014020,-66.89304,113.4912
2333047,-1014034,-66.89311,113.4917
2333030,-1014049,-66.89319,113.4921
2333015,-1014065,-66.89326,113.4926
2333000,-1014079,-66.89333,113.493
2332984,-1014095,-66.8934,113.4935
2332970,-1014109,-66.89347,113.4939
2332954,-1014124,-66.89355,113.4944
2332939,-1014140,-66.89362,113.4948
2332924,-1014154,-66.89368,113.4953
2332909,-1014170,-66.89375,113.4957
2332893,-1014185,-66.89383,113.4962
2332878,-1014200,-66.8939,113.4966
2332863,-1014215,-66.89397,113.497
2332848,-1014230,-66.89404,113.4975
2332832,-1014245,-66.89411,113.4979
2332817,-1014260,-66.89418,113.4984
2332802,-1014275,-66.89425,113.4988
2332786,-1014290,-66.89433,113.4993
2332772,-1014305,-66.89439,113.4997
2332756,-1014321,-66.89446,113.5002
2332741,-1014335,-66.89453,113.5006
2332726,-1014350,-66.8946,113.5011
2332711,-1014366,-66.89467,113.5015
2332696,-1014381,-66.89474,113.502
2332680,-1014396,-66.89481,113.5024
2332665,-1014411,-66.89488,113.5029
2332651,-1014426,-66.89494,113.5033
2332634,-1014441,-66.89502,113.5038
2332619,-1014456,-66.89509,113.5042
2332604,-1014472,-66.89516,113.5047
2332589,-1014487,-66.89523,113.5051
2332575,-1014502,-66.89529,113.5056
2332560,-1014518,-66.89536,113.506
2332545,-1014533,-66.89542,113.5065
2332530,-1014548,-66.89549,113.5069
2332515,-1014564,-66.89556,113.5074
2332500,-1014579,-66.89563,113.5078
2332485,-1014594,-66.8957,113.5083
2332470,-1014609,-66.89577,113.5087
2332454,-1014624,-66.89584,113.5092
2332440,-1014640,-66.8959,113.5096
2332424,-1014655,-66.89597,113.5101
2332409,-1014670,-66.89604,113.5105
2332394,-1014685,-66.89611,113.511
2332380,-1014701,-66.89617,113.5114
2332365,-1014717,-66.89624,113.5119
2332350,-1014732,-66.89631,113.5123
2332335,-1014747,-66.89638,113.5128
2332320,-1014762,-66.89645,113.5132
2332304,-1014777,-66.89651,113.5137
2332289,-1014792,-66.89658,113.5141
2332276,-1014808,-66.89664,113.5146
2332260,-1014824,-66.89671,113.515
2332244,-1014838,-66.89678,113.5155
2332230,-1014854,-66.89685,113.5159
2332214,-1014869,-66.89692,113.5164
2332199,-1014884,-66.89699,113.5168
2332185,-1014899,-66.89705,113.5173
2332170,-1014915,-66.89712,113.5177
2332155,-1014930,-66.89719,113.5182
2332140,-1014946,-66.89725,113.5186
2332125,-1014960,-66.89732,113.5191
2332110,-1014976,-66.89738,113.5195
2332095,-1014992,-66.89745,113.52
2332081,-1015006,-66.89752,113.5204
2332065,-1015022,-66.89759,113.5209
2332051,-1015038,-66.89765,113.5213
2332036,-1015052,-66.89772,113.5218
2332021,-1015068,-66.89779,113.5222
2332006,-1015083,-66.89786,113.5227
2331991,-1015099,-66.89792,113.5231
2331976,-1015114,-66.89799,113.5236
2331962,-1015129,-66.89806,113.524
2331946,-1015145,-66.89812,113.5245
2331932,-1015160,-66.89819,113.5249
2331917,-1015175,-66.89825,113.5254
2331902,-1015190,-66.89832,113.5258
2331888,-1015206,-66.89838,113.5263
2331872,-1015221,-66.89845,113.5267
2331857,-1015237,-66.89852,113.5272
2331843,-1015252,-66.89858,113.5276
2331828,-1015267,-66.89865,113.5281
2331812,-1015282,-66.89872,113.5285
2331797,-1015298,-66.89879,113.529
2331784,-1015314,-66.89885,113.5294
2331769,-1015329,-66.89892,113.5299
2331753,-1015344,-66.89899,113.5303
2331739,-1015360,-66.89905,113.5308
2331724,-1015375,-66.89912,113.5312
2331709,-1015390,-66.89919,113.5317
2331694,-1015405,-66.89925,113.5321
2331679,-1015421,-66.89931,113.5326
2331664,-1015436,-66.89938,113.5331
2331649,-1015452,-66.89945,113.5335
2331635,-1015467,-66.89951,113.534
2331620,-1015482,-66.89958,113.5344
2331605,-1015498,-66.89965,113.5349
2331590,-1015513,-66.89971,113.5353
2331575,-1015528,-66.89978,113.5358
2331560,-1015543,-66.89985,113.5362
2331545,-1015559,-66.89991,113.5367
2331530,-1015574,-66.89998,113.5371
2331515,-1015589,-66.90005,113.5376
2331502,-1015605,-66.90011,113.538
2331486,-1015620,-66.90018,113.5385
2331470,-1015635,-66.90025,113.5389
2331457,-1015652,-66.90031,113.5394
2331442,-1015667,-66.90038,113.5398
2331426,-1015681,-66.90044,113.5403
2331412,-1015697,-66.90051,113.5407
2331397,-1015712,-66.90057,113.5412
2331382,-1015729,-66.90064,113.5416
2331367,-1015744,-66.9007,113.5421
2331352,-1015758,-66.90077,113.5425
2331337,-1015774,-66.90084,113.543
2331322,-1015790,-66.9009,113.5434
2331308,-1015805,-66.90097,113.5439
2331292,-1015820,-66.90104,113.5443
2331278,-1015835,-66.9011,113.5448
2331263,-1015851,-66.90117,113.5452
2331248,-1015866,-66.90124,113.5457
2331234,-1015882,-66.9013,113.5461
2331218,-1015897,-66.90137,113.5466
2331203,-1015913,-66.90144,113.547
2331189,-1015928,-66.9015,113.5475
2331174,-1015943,-66.90157,113.5479
2331159,-1015958,-66.90163,113.5484
2331144,-1015974,-66.9017,113.5488
2331130,-1015990,-66.90176,113.5493
2331114,-1016005,-66.90183,113.5497
2331100,-1016020,-66.90189,113.5502
2331085,-1016035,-66.90196,113.5506
2331070,-1016051,-66.90203,113.5511
2331056,-1016066,-66.90209,113.5515
2331040,-1016082,-66.90216,113.552
2331025,-1016097,-66.90223,113.5524
2331011,-1016112,-66.90229,113.5529
2330996,-1016128,-66.90236,113.5534
2330981,-1016143,-66.90243,113.5538
2330966,-1016158,-66.90249,113.5542
2330951,-1016174,-66.90256,113.5547
2330936,-1016189,-66.90263,113.5552
2330921,-1016205,-66.90269,113.5556
2330907,-1016220,-66.90276,113.5561
2330892,-1016235,-66.90282,113.5565
2330877,-1016251,-66.90289,113.557
2330862,-1016266,-66.90295,113.5574
2330847,-1016281,-66.90302,113.5579
2330832,-1016296,-66.90309,113.5583
2330818,-1016312,-66.90315,113.5588
2330803,-1016328,-66.90322,113.5592
2330788,-1016343,-66.90329,113.5597
2330773,-1016358,-66.90335,113.5601
2330758,-1016374,-66.90342,113.5606
2330744,-1016389,-66.90348,113.561
2330729,-1016405,-66.90355,113.5615
2330714,-1016420,-66.90362,113.5619
2330698,-1016435,-66.90369,113.5624
2330684,-1016450,-66.90375,113.5628
2330668,-1016465,-66.90382,113.5633
2330654,-1016481,-66.90388,113.5637
2330639,-1016496,-66.90395,113.5642
2330626,-1016512,-66.90401,113.5646
2330610,-1016528,-66.90408,113.5651
2330595,-1016543,-66.90414,113.5655
2330581,-1016558,-66.90421,113.566
2330566,-1016574,-66.90427,113.5664
2330550,-1016589,-66.90434,113.5669
2330536,-1016604,-66.9044,113.5673
2330520,-1016620,-66.90447,113.5678
2330506,-1016635,-66.90454,113.5682
2330491,-1016650,-66.9046,113.5687
2330476,-1016665,-66.90467,113.5691
2330462,-1016681,-66.90473,113.5696
2330447,-1016697,-66.9048,113.57
2330431,-1016712,-66.90487,113.5705
2330418,-1016727,-66.90493,113.5709
2330402,-1016743,-66.905,113.5714
2330388,-1016758,-66.90506,113.5719
2330372,-1016773,-66.90513,113.5723
2330358,-1016789,-66.9052,113.5728
2330343,-1016804,-66.90526,113.5732
2330328,-1016819,-66.90533,113.5737
2330313,-1016835,-66.9054,113.5741
2330298,-1016851,-66.90546,113.5746
2330284,-1016865,-66.90553,113.575
2330270,-1016881,-66.90559,113.5755
2330254,-1016897,-66.90565,113.5759
2330240,-1016912,-66.90572,113.5764
2330224,-1016927,-66.90578,113.5768
2330210,-1016943,-66.90585,113.5773
2330195,-1016958,-66.90591,113.5777
2330180,-1016974,-66.90598,113.5782
2330165,-1016989,-66.90604,113.5786
2330150,-1017004,-66.90611,113.5791
2330137,-1017020,-66.90617,113.5795
2330122,-1017035,-66.90624,113.58
2330106,-1017051,-66.90631,113.5804
2330091,-1017066,-66.90637,113.5809
2330076,-1017081,-66.90644,113.5813
2330062,-1017097,-66.9065,113.5818
2330047,-1017113,-66.90657,113.5822
2330033,-1017128,-66.90663,113.5827
2330017,-1017143,-66.9067,113.5831
2330002,-1017159,-66.90677,113.5836
2329988,-1017174,-66.90683,113.584
2329973,-1017190,-66.9069,113.5845
2329958,-1017205,-66.90696,113.5849
2329944,-1017220,-66.90703,113.5854
2329929,-1017235,-66.90709,113.5858
2329914,-1017251,-66.90716,113.5863
2329899,-1017266,-66.90723,113.5868
2329884,-1017282,-66.90729,113.5872
2329869,-1017297,-66.90736,113.5876
2329856,-1017313,-66.90742,113.5881
2329840,-1017328,-66.90749,113.5886
2329825,-1017343,-66.90755,113.589
2329810,-1017359,-66.90762,113.5895
2329795,-1017373,-66.90768,113.5899
2329780,-1017389,-66.90775,113.5904
2329765,-1017404,-66.90782,113.5908
2329750,-1017420,-66.90789,113.5913
2329736,-1017435,-66.90795,113.5917
2329721,-1017450,-66.90802,113.5922
2329706,-1017465,-66.90809,113.5926
2329691,-1017480,-66.90816,113.5931
2329676,-1017496,-66.90822,113.5935
2329661,-1017511,-66.90829,113.594
2329646,-1017526,-66.90836,113.5944
2329631,-1017542,-66.90842,113.5949
2329616,-1017556,-66.90849,113.5953
2329601,-1017572,-66.90856,113.5957
2329586,-1017587,-66.90863,113.5962
2329571,-1017602,-66.9087,113.5966
2329556,-1017618,-66.90877,113.5971
2329541,-1017632,-66.90884,113.5975
2329526,-1017647,-66.90891,113.598
2329510,-1017662,-66.90897,113.5984
2329495,-1017677,-66.90904,113.5989
2329480,-1017693,-66.90911,113.5993
2329465,-1017707,-66.90918,113.5998
2329450,-1017723,-66.90925,113.6002
2329436,-1017738,-66.90932,113.6007
2329420,-1017753,-66.90939,113.6011
2329405,-1017768,-66.90945,113.6016
2329390,-1017783,-66.90952,113.602
2329375,-1017798,-66.90959,113.6025
2329359,-1017813,-66.90967,113.6029
2329344,-1017828,-66.90974,113.6034
2329329,-1017843,-66.90981,113.6038
2329314,-1017858,-66.90987,113.6042
2329299,-1017873,-66.90994,113.6047
2329284,-1017888,-66.91001,113.6051
2329268,-1017903,-66.91009,113.6056
2329253,-1017918,-66.91016,113.606
2329238,-1017933,-66.91022,113.6065
2329223,-1017948,-66.91029,113.6069
2329207,-1017963,-66.91037,113.6074
2329192,-1017978,-66.91044,113.6078
2329177,-1017992,-66.91051,113.6083
2329162,-1018008,-66.91058,113.6087
2329146,-1018023,-66.91065,113.6092
2329131,-1018037,-66.91072,113.6096
2329116,-1018052,-66.9108,113.61
2329101,-1018067,-66.91087,113.6105
2329086,-1018082,-66.91093,113.6109
2329070,-1018096,-66.91101,113.6114
2329055,-1018111,-66.91108,113.6118
2329039,-1018126,-66.91116,113.6123
2329024,-1018141,-66.91122,113.6127
2329008,-1018155,-66.9113,113.6132
2328994,-1018170,-66.91137,113.6136
2328978,-1018185,-66.91144,113.614
2328962,-1018199,-66.91151,113.6145
2328947,-1018214,-66.91159,113.6149
2328931,-1018229,-66.91166,113.6154
2328916,-1018243,-66.91174,113.6158
2328901,-1018258,-66.9118,113.6162
2328885,-1018273,-66.91188,113.6167
2328870,-1018288,-66.91195,113.6171
2328854,-1018303,-66.91203,113.6176
2328838,-1018316,-66.9121,113.618
2328824,-1018331,-66.91217,113.6185
2328808,-1018346,-66.91225,113.6189
2328792,-1018360,-66.91232,113.6193
2328777,-1018376,-66.91239,113.6198
2328762,-1018390,-66.91247,113.6202
2328746,-1018404,-66.91254,113.6207
2328731,-1018419,-66.91261,113.6211
2328715,-1018433,-66.91269,113.6215
2328700,-1018448,-66.91277,113.622
2328684,-1018463,-66.91283,113.6224
2328669,-1018477,-66.91291,113.6229
2328653,-1018492,-66.91299,113.6233
2328638,-1018506,-66.91306,113.6237
2328622,-1018521,-66.91313,113.6242
2328606,-1018535,-66.91321,113.6246
2328592,-1018550,-66.91328,113.6251
2328576,-1018565,-66.91335,113.6255
2328560,-1018579,-66.91343,113.626
2328544,-1018594,-66.91351,113.6264
2328530,-1018609,-66.91357,113.6268
2328513,-1018623,-66.91365,113.6273
2328498,-1018638,-66.91373,113.6277
2328483,-1018652,-66.9138,113.6282
2328467,-1018667,-66.91387,113.6286
2328452,-1018681,-66.91395,113.629
2328436,-1018696,-66.91402,113.6295
2328420,-1018711,-66.91409,113.6299
2328406,-1018726,-66.91416,113.6304
2328390,-1018740,-66.91424,113.6308
2328374,-1018755,-66.91431,113.6313
2328360,-1018769,-66.91438,113.6317
2328344,-1018784,-66.91446,113.6321
2328328,-1018799,-66.91453,113.6326
2328313,-1018813,-66.9146,113.633
2328298,-1018829,-66.91467,113.6335
2328282,-1018843,-66.91475,113.6339
2328267,-1018858,-66.91482,113.6343
2328251,-1018872,-66.91489,113.6348
2328236,-1018887,-66.91496,113.6352
2328221,-1018902,-66.91504,113.6357
2328205,-1018916,-66.91511,113.6361
2328190,-1018931,-66.91518,113.6366
2328175,-1018947,-66.91525,113.637
2328160,-1018961,-66.91532,113.6375
2328144,-1018976,-66.9154,113.6379
2328129,-1018990,-66.91547,113.6383
2328114,-1019005,-66.91553,113.6388
2328099,-1019020,-66.9156,113.6392
2328083,-1019035,-66.91568,113.6397
2328068,-1019049,-66.91575,113.6401
2328052,-1019065,-66.91582,113.6406
2328038,-1019080,-66.91589,113.641
2328022,-1019095,-66.91596,113.6415
2328007,-1019110,-66.91603,113.6419
2327992,-1019124,-66.9161,113.6423
2327977,-1019140,-66.91617,113.6428
2327961,-1019154,-66.91624,113.6432
2327946,-1019170,-66.91631,113.6437
2327931,-1019184,-66.91638,113.6441
2327916,-1019199,-66.91645,113.6446
2327901,-1019214,-66.91653,113.645
2327886,-1019229,-66.9166,113.6455
2327870,-1019244,-66.91666,113.6459
2327856,-1019259,-66.91673,113.6464
2327841,-1019274,-66.9168,113.6468
2327825,-1019289,-66.91687,113.6473
2327810,-1019304,-66.91694,113.6477
2327794,-1019319,-66.91702,113.6482
2327780,-1019334,-66.91708,113.6486
2327764,-1019348,-66.91715,113.649
2327749,-1019364,-66.91722,113.6495
2327734,-1019379,-66.91729,113.6499
2327719,-1019394,-66.91736,113.6504
2327704,-1019409,-66.91743,113.6508
2327689,-1019424,-66.9175,113.6513
2327673,-1019439,-66.91757,113.6517
2327658,-1019453,-66.91764,113.6522
2327644,-1019468,-66.91771,113.6526
2327628,-1019484,-66.91778,113.6531
2327613,-1019498,-66.91785,113.6535
2327597,-1019514,-66.91792,113.654
2327582,-1019529,-66.91798,113.6544
2327568,-1019544,-66.91805,113.6548
2327552,-1019559,-66.91813,113.6553
2327537,-1019573,-66.9182,113.6557
2327522,-1019589,-66.91827,113.6562
2327506,-1019604,-66.91833,113.6566
2327492,-1019619,-66.9184,113.6571
2327476,-1019634,-66.91847,113.6575
2327462,-1019649,-66.91854,113.658
2327446,-1019664,-66.91861,113.6584
2327431,-1019679,-66.91868,113.6589
2327416,-1019694,-66.91875,113.6593
2327400,-1019709,-66.91882,113.6598
2327385,-1019724,-66.91889,113.6602
2327370,-1019739,-66.91896,113.6607
2327354,-1019754,-66.91903,113.6611
2327340,-1019769,-66.9191,113.6616
2327324,-1019785,-66.91917,113.662
2327310,-1019799,-66.91924,113.6625
2327295,-1019814,-66.9193,113.6629
2327279,-1019830,-66.91937,113.6634
2327264,-1019844,-66.91944,113.6638
2327248,-1019859,-66.91952,113.6643
2327234,-1019874,-66.91959,113.6647
2327219,-1019890,-66.91965,113.6651
2327204,-1019905,-66.91972,113.6656
2327189,-1019919,-66.91979,113.666
2327174,-1019935,-66.91986,113.6665
2327158,-1019950,-66.91993,113.6669
2327143,-1019965,-66.92,113.6674
2327128,-1019980,-66.92007,113.6678
2327113,-1019995,-66.92014,113.6683
2327098,-1020010,-66.9202,113.6687
2327082,-1020025,-66.92028,113.6692
2327067,-1020040,-66.92035,113.6696
2327052,-1020056,-66.92042,113.6701
2327037,-1020070,-66.92049,113.6705
2327022,-1020085,-66.92056,113.671
2327006,-1020100,-66.92062,113.6714
2326992,-1020116,-66.92069,113.6719
2326976,-1020131,-66.92076,113.6723
2326960,-1020146,-66.92083,113.6728
2326946,-1020161,-66.9209,113.6732
2326930,-1020176,-66.92097,113.6737
2326915,-1020190,-66.92104,113.6741
2326900,-1020206,-66.92111,113.6746
2326885,-1020221,-66.92118,113.675
2326870,-1020236,-66.92125,113.6755
2326855,-1020251,-66.92132,113.6759
2326840,-1020266,-66.92139,113.6764
2326824,-1020281,-66.92146,113.6768
2326809,-1020296,-66.92152,113.6773
2326794,-1020311,-66.92159,113.6777
2326779,-1020327,-66.92166,113.6782
2326764,-1020341,-66.92173,113.6786
2326749,-1020357,-66.92181,113.679
2326733,-1020372,-66.92188,113.6795
2326718,-1020387,-66.92194,113.6799
2326703,-1020402,-66.92201,113.6804
2326688,-1020417,-66.92208,113.6808
2326673,-1020432,-66.92215,113.6813
2326657,-1020447,-66.92222,113.6817
2326643,-1020462,-66.92229,113.6822
2326626,-1020477,-66.92236,113.6826
2326612,-1020492,-66.92243,113.6831
2326597,-1020507,-66.9225,113.6835
2326581,-1020523,-66.92257,113.684
2326566,-1020538,-66.92264,113.6844
2326552,-1020553,-66.92271,113.6849
2326536,-1020568,-66.92278,113.6853
2326521,-1020583,-66.92284,113.6858
2326505,-1020598,-66.92292,113.6862
2326490,-1020613,-66.92299,113.6867
2326475,-1020628,-66.92306,113.6871
2326460,-1020643,-66.92313,113.6876
2326444,-1020658,-66.92319,113.688
2326429,-1020673,-66.92326,113.6885
2326414,-1020688,-66.92333,113.6889
2326398,-1020703,-66.92341,113.6894
2326384,-1020718,-66.92348,113.6898
2326368,-1020733,-66.92355,113.6903
2326353,-1020748,-66.92361,113.6907
2326338,-1020764,-66.92368,113.6912
2326323,-1020778,-66.92375,113.6916
2326307,-1020793,-66.92383,113.6921
2326292,-1020808,-66.9239,113.6925
2326277,-1020824,-66.92397,113.693
2326262,-1020839,-66.92403,113.6934
2326246,-1020853,-66.9241,113.6939
2326232,-1020869,-66.92418,113.6943
2326216,-1020884,-66.92425,113.6948
2326200,-1020899,-66.92432,113.6952
2326186,-1020913,-66.92439,113.6957
2326171,-1020929,-66.92445,113.6961
2326155,-1020944,-66.92452,113.6966
2326140,-1020959,-66.92459,113.697
2326125,-1020974,-66.92467,113.6974
2326110,-1020989,-66.92474,113.6979
2326094,-1021004,-66.9248,113.6983
2326079,-1021020,-66.92487,113.6988
2326064,-1021035,-66.92494,113.6992
2326048,-1021049,-66.92501,113.6997
2326033,-1021064,-66.92509,113.7001
2326018,-1021080,-66.92516,113.7006
2326002,-1021095,-66.92522,113.701
2325988,-1021109,-66.92529,113.7015
2325973,-1021124,-66.92536,113.7019
2325957,-1021139,-66.92544,113.7024
2325942,-1021154,-66.92551,113.7028
2325926,-1021170,-66.92558,113.7033
2325912,-1021185,-66.92564,113.7037
2325896,-1021200,-66.92571,113.7042
2325881,-1021215,-66.92578,113.7046
2325866,-1021230,-66.92585,113.7051
2325850,-1021245,-66.92593,113.7055
2325835,-1021260,-66.92599,113.706
2325820,-1021275,-66.92606,113.7064
2325805,-1021291,-66.92613,113.7069
2325790,-1021305,-66.9262,113.7073
2325775,-1021320,-66.92627,113.7078
2325759,-1021335,-66.92635,113.7082
2325744,-1021350,-66.92641,113.7087
2325728,-1021365,-66.92648,113.7091
2325714,-1021380,-66.92655,113.7096
2325698,-1021395,-66.92662,113.71
2325683,-1021411,-66.92669,113.7105
2325668,-1021426,-66.92676,113.7109
2325652,-1021441,-66.92683,113.7114
2325637,-1021456,-66.9269,113.7118
2325622,-1021470,-66.92697,113.7123
2325607,-1021486,-66.92704,113.7127
2325592,-1021501,-66.92711,113.7132
2325576,-1021516,-66.92718,113.7136
2325561,-1021531,-66.92725,113.7141
2325546,-1021546,-66.92731,113.7145
2325531,-1021562,-66.92738,113.715
2325516,-1021577,-66.92745,113.7154
2325501,-1021592,-66.92752,113.7159
2325486,-1021607,-66.92759,113.7163
2325470,-1021622,-66.92766,113.7168
2325454,-1021638,-66.92773,113.7172
2325440,-1021652,-66.9278,113.7177
2325426,-1021668,-66.92786,113.7181
2325409,-1021683,-66.92794,113.7186
2325395,-1021698,-66.928,113.719
2325378,-1021713,-66.92808,113.7195
2325364,-1021729,-66.92814,113.7199
2325349,-1021744,-66.92821,113.7204
2325334,-1021760,-66.92828,113.7208
2325318,-1021775,-66.92834,113.7213
2325303,-1021790,-66.92841,113.7218
2325288,-1021806,-66.92848,113.7222
2325274,-1021821,-66.92854,113.7227
2325258,-1021836,-66.92861,113.7231
2325243,-1021852,-66.92868,113.7236
2325228,-1021867,-66.92875,113.724
2325213,-1021882,-66.92882,113.7245
2325198,-1021898,-66.92888,113.7249
2325183,-1021914,-66.92895,113.7254
2325168,-1021929,-66.92902,113.7259
2325154,-1021945,-66.92908,113.7263
2325138,-1021960,-66.92915,113.7268
2325124,-1021977,-66.92921,113.7272
2325108,-1021992,-66.92928,113.7277
2325094,-1022008,-66.92934,113.7282
2325078,-1022023,-66.92941,113.7286
2325064,-1022039,-66.92947,113.7291
2325050,-1022056,-66.92953,113.7295
2325035,-1022072,-66.92959,113.73
2325019,-1022087,-66.92966,113.7305
2325006,-1022104,-66.92971,113.7309
2324990,-1022120,-66.92978,113.7314
2324975,-1022135,-66.92984,113.7319
2324961,-1022152,-66.9299,113.7323
2324947,-1022169,-66.92995,113.7328
2324932,-1022184,-66.93002,113.7333
2324918,-1022201,-66.93008,113.7337
2324904,-1022217,-66.93013,113.7342
2324889,-1022234,-66.93019,113.7347
2324875,-1022250,-66.93024,113.7352
2324860,-1022266,-66.93031,113.7356
2324846,-1022284,-66.93036,113.7361
2324832,-1022300,-66.93041,113.7366
2324819,-1022317,-66.93047,113.737
2324804,-1022334,-66.93052,113.7375
2324790,-1022351,-66.93057,113.738
2324776,-1022368,-66.93063,113.7385
2324762,-1022384,-66.93068,113.7389
2324749,-1022401,-66.93073,113.7394
2324734,-1022419,-66.93079,113.7399
2324721,-1022436,-66.93083,113.7404
2324706,-1022453,-66.93089,113.7409
2324694,-1022470,-66.93093,113.7413
2324680,-1022487,-66.93098,113.7418
2324666,-1022505,-66.93103,113.7423
2324653,-1022522,-66.93108,113.7428
2324639,-1022540,-66.93113,113.7433
2324626,-1022557,-66.93118,113.7438
2324612,-1022575,-66.93121,113.7442
2324598,-1022592,-66.93127,113.7447
2324586,-1022610,-66.9313,113.7452
2324572,-1022628,-66.93135,113.7457
2324560,-1022646,-66.9314,113.7462
2324546,-1022663,-66.93144,113.7467
2324533,-1022681,-66.93148,113.7471
2324520,-1022699,-66.93153,113.7476
2324508,-1022716,-66.93156,113.7481
2324494,-1022734,-66.93161,113.7486
2324482,-1022752,-66.93165,113.7491
2324468,-1022770,-66.93169,113.7496
2324455,-1022788,-66.93173,113.7501
2324442,-1022806,-66.93177,113.7505
2324430,-1022824,-66.93181,113.751
2324417,-1022842,-66.93185,113.7515
2324404,-1022861,-66.93188,113.752
2324392,-1022878,-66.93192,113.7525
2324380,-1022897,-66.93195,113.753
2324366,-1022915,-66.93199,113.7535
2324354,-1022934,-66.93203,113.754
2324342,-1022952,-66.93206,113.7545
2324330,-1022970,-66.9321,113.755
2324318,-1022988,-66.93213,113.7555
2324305,-1023007,-66.93217,113.756
NaN,NaN,NaN,NaN
NaN,NaN,NaN,NaN
NaN,NaN,NaN,NaN
NaN,NaN,NaN,NaN
NaN,NaN,NaN,NaN
NaN,NaN,NaN,NaN
NaN,NaN,NaN,NaN
NaN,NaN,NaN,NaN
NaN,NaN,NaN,NaN
NaN,NaN,NaN,NaN
NaN,NaN,NaN,NaN
