2237378,-1110066,-67.3028,116.3881
2237358,-1110067,-67.30296,116.3883
2237337,-1110067,-67.30312,116.3886
2237316,-1110068,-67.30328,116.3888
2237296,-1110069,-67.30344,116.389
2237276,-1110070,-67.30359,116.3892
2237257,-1110071,-67.30374,116.3895
2237236,-1110072,-67.3039,116.3897
2237216,-1110072,-67.30405,116.3899
2237196,-1110074,-67.30421,116.3901
2237175,-1110075,-67.30437,116.3904
2237155,-1110076,-67.30453,116.3906
2237135,-1110076,-67.30469,116.3908
2237115,-1110077,-67.30484,116.391
2237096,-1110078,-67.30499,116.3913
2237075,-1110079,-67.30515,116.3915
2237054,-1110080,-67.30531,116.3917
2237035,-1110081,-67.30547,116.3919
2237014,-1110082,-67.30563,116.3922
2236994,-1110083,-67.30578,116.3924
2236974,-1110083,-67.30594,116.3926
2236954,-1110085,-67.30609,116.3928
2236934,-1110085,-67.30625,116.3931
2236914,-1110086,-67.3064,116.3933
2236893,-1110087,-67.30656,116.3935
2236872,-1110087,-67.30672,116.3937
2236853,-1110089,-67.30688,116.394
2236832,-1110089,-67.30704,116.3942
2236812,-1110091,-67.30719,116.3944
2236793,-1110091,-67.30734,116.3946
2236772,-1110093,-67.3075,116.3948
2236752,-1110093,-67.30766,116.3951
2236732,-1110094,-67.30782,116.3953
2236711,-1110095,-67.30798,116.3955
2236691,-1110096,-67.30813,116.3957
2236671,-1110097,-67.30829,116.396
2236651,-1110098,-67.30844,116.3962
2236630,-1110098,-67.3086,116.3964
2236610,-1110099,-67.30876,116.3966
2236591,-1110100,-67.30891,116.3969
2236570,-1110101,-67.30907,116.3971
2236550,-1110102,-67.30923,116.3973
2236531,-1110103,-67.30938,116.3975
2236510,-1110103,-67.30954,116.3977
2236490,-1110104,-67.3097,116.398
2236469,-1110105,-67.30986,116.3982
2236450,-1110106,-67.31001,116.3984
2236428,-1110106,-67.31017,116.3986
2236408,-1110106,-67.31033,116.3988
2236389,-1110108,-67.31049,116.3991
2236368,-1110108,-67.31065,116.3993
2236349,-1110109,-67.3108,116.3995
2236328,-1110110,-67.31096,116.3997
2236308,-1110110,-67.31112,116.3999
2236288,-1110110,-67.31127,116.4002
2236268,-1110110,-67.31143,116.4004
2236247,-1110111,-67.31159,116.4006
2236228,-1110112,-67.31174,116.4008
2236207,-1110112,-67.31191,116.401
2236187,-1110113,-67.31207,116.4012
2236167,-1110113,-67.31223,116.4015
2236147,-1110114,-67.31239,116.4017
2236127,-1110115,-67.31254,116.4019
2236106,-1110115,-67.3127,116.4021
2236086,-1110115,-67.31286,116.4023
2236066,-1110116,-67.31301,116.4025
2236045,-1110116,-67.31318,116.4027
2236026,-1110116,-67.31333,116.403
2236005,-1110117,-67.31349,116.4032
2235985,-1110118,-67.31365,116.4034
2235966,-1110118,-67.3138,116.4036
2235945,-1110117,-67.31397,116.4038
2235925,-1110118,-67.31413,116.404
2235904,-1110118,-67.31429,116.4042
2235885,-1110118,-67.31445,116.4044
2235865,-1110118,-67.31461,116.4046
2235844,-1110119,-67.31477,116.4049
2235824,-1110119,-67.31493,116.4051
2235804,-1110119,-67.31508,116.4053
2235784,-1110119,-67.31525,116.4055
2235764,-1110119,-67.3154,116.4057
2235743,-1110119,-67.31557,116.4059
2235723,-1110119,-67.31572,116.4061
2235703,-1110120,-67.31588,116.4063
2235683,-1110120,-67.31604,116.4065
2235663,-1110119,-67.3162,116.4067
2235642,-1110119,-67.31636,116.4069
2235623,-1110119,-67.31652,116.4071
2235603,-1110119,-67.31668,116.4073
2235582,-1110119,-67.31684,116.4075
2235562,-1110118,-67.317,116.4077
2235543,-1110119,-67.31716,116.4079
2235522,-1110118,-67.31732,116.4081
2235502,-1110118,-67.31748,116.4083
2235482,-1110118,-67.31764,116.4085
2235462,-1110117,-67.3178,116.4087
2235442,-1110118,-67.31796,116.4089
2235422,-1110117,-67.31812,116.4091
2235402,-1110116,-67.31828,116.4093
2235382,-1110116,-67.31844,116.4095
2235362,-1110116,-67.3186,116.4097
2235342,-1110115,-67.31876,116.4099
2235321,-1110115,-67.31893,116.4101
2235302,-1110114,-67.31908,116.4103
2235281,-1110114,-67.31925,116.4105
2235262,-1110113,-67.3194,116.4107
2235243,-1110113,-67.31956,116.4109
2235222,-1110112,-67.31973,116.4111
2235203,-1110112,-67.31989,116.4113
2235182,-1110111,-67.32005,116.4115
2235162,-1110111,-67.32021,116.4117
2235142,-1110110,-67.32037,116.4118
2235122,-1110109,-67.32053,116.412
2235102,-1110109,-67.32069,116.4122
2235082,-1110108,-67.32085,116.4124
2235062,-1110108,-67.32101,116.4126
2235042,-1110107,-67.32117,116.4128
2235022,-1110106,-67.32133,116.413
2235002,-1110106,-67.3215,116.4132
2234982,-1110105,-67.32166,116.4134
2234962,-1110105,-67.32182,116.4136
2234943,-1110104,-67.32198,116.4137
2234922,-1110103,-67.32214,116.4139
2234902,-1110102,-67.3223,116.4141
2234883,-1110102,-67.32246,116.4143
2234863,-1110102,-67.32262,116.4145
2234843,-1110100,-67.32278,116.4147
2234823,-1110100,-67.32294,116.4149
2234803,-1110099,-67.3231,116.4151
2234784,-1110098,-67.32327,116.4153
2234763,-1110098,-67.32343,116.4155
2234744,-1110097,-67.32359,116.4156
2234723,-1110096,-67.32375,116.4158
2234702,-1110095,-67.32391,116.416
2234684,-1110095,-67.32407,116.4162
2234663,-1110094,-67.32423,116.4164
2234644,-1110092,-67.32439,116.4166
2234623,-1110092,-67.32455,116.4168
2234604,-1110092,-67.32471,116.417
2234584,-1110091,-67.32487,116.4171
2234564,-1110090,-67.32504,116.4173
2234545,-1110089,-67.3252,116.4175
2234525,-1110089,-67.32536,116.4177
2234505,-1110088,-67.32552,116.4179
2234486,-1110088,-67.32568,116.4181
2234464,-1110086,-67.32584,116.4183
2234446,-1110086,-67.326,116.4185
2234426,-1110085,-67.32616,116.4186
2234405,-1110084,-67.32632,116.4188
2234385,-1110083,-67.32648,116.419
2234366,-1110082,-67.32664,116.4192
2234345,-1110082,-67.32681,116.4194
2234326,-1110081,-67.32697,116.4196
2234306,-1110081,-67.32713,116.4198
2234286,-1110080,-67.32729,116.42
2234266,-1110079,-67.32745,116.4202
2234246,-1110078,-67.32761,116.4203
2234226,-1110077,-67.32777,116.4205
2234206,-1110076,-67.32793,116.4207
2234187,-1110076,-67.32809,116.4209
2234166,-1110075,-67.32825,116.4211
2234147,-1110074,-67.32841,116.4213
2234127,-1110073,-67.32858,116.4215
2234107,-1110072,-67.32874,116.4216
2234086,-1110072,-67.3289,116.4218
2234067,-1110071,-67.32906,116.422
2234048,-1110071,-67.32922,116.4222
2234028,-1110070,-67.32938,116.4224
2234008,-1110069,-67.32954,116.4226
2233988,-1110068,-67.3297,116.4228
2233968,-1110068,-67.32986,116.423
2233948,-1110067,-67.33002,116.4232
2233928,-1110066,-67.33018,116.4233
2233907,-1110065,-67.33035,116.4235
2233887,-1110065,-67.33051,116.4237
2233869,-1110063,-67.33066,116.4239
2233848,-1110063,-67.33083,116.4241
2233828,-1110062,-67.33099,116.4243
2233809,-1110062,-67.33115,116.4245
2233788,-1110061,-67.33131,116.4247
2233769,-1110060,-67.33147,116.4249
2233748,-1110060,-67.33163,116.425
2233729,-1110059,-67.33179,116.4252
2233708,-1110058,-67.33195,116.4254
2233689,-1110058,-67.33211,116.4256
2233669,-1110057,-67.33227,116.4258
2233648,-1110056,-67.33244,116.426
2233629,-1110056,-67.33259,116.4262
2233609,-1110055,-67.33275,116.4264
2233589,-1110055,-67.33292,116.4266
2233570,-1110054,-67.33307,116.4268
2233549,-1110053,-67.33324,116.4269
2233530,-1110052,-67.3334,116.4271
2233511,-1110052,-67.33355,116.4273
2233489,-1110052,-67.33372,116.4275
2233470,-1110050,-67.33388,116.4277
2233449,-1110050,-67.33404,116.4279
2233430,-1110050,-67.3342,116.4281
2233410,-1110049,-67.33436,116.4283
2233390,-1110048,-67.33452,116.4285
2233370,-1110048,-67.33468,116.4287
2233350,-1110048,-67.33484,116.4289
2233331,-1110047,-67.335,116.4291
2233310,-1110046,-67.33516,116.4292
2233290,-1110046,-67.33532,116.4294
2233270,-1110045,-67.33548,116.4296
2233251,-1110045,-67.33564,116.4298
2233230,-1110044,-67.3358,116.43
2233211,-1110043,-67.33596,116.4302
2233190,-1110043,-67.33612,116.4304
2233171,-1110042,-67.33628,116.4306
2233150,-1110042,-67.33644,116.4308
2233131,-1110042,-67.3366,116.431
2233111,-1110041,-67.33676,116.4312
2233091,-1110040,-67.33692,116.4314
2233072,-1110040,-67.33708,116.4316
2233051,-1110039,-67.33724,116.4317
2233032,-1110038,-67.3374,116.4319
2233012,-1110038,-67.33756,116.4321
2232992,-1110038,-67.33772,116.4323
2232972,-1110037,-67.33788,116.4325
2232952,-1110037,-67.33804,116.4327
2232931,-1110036,-67.3382,116.4329
2232912,-1110036,-67.33836,116.4331
2232892,-1110035,-67.33852,116.4333
2232872,-1110035,-67.33868,116.4335
2232853,-1110035,-67.33884,116.4337
2232833,-1110034,-67.339,116.4339
2232813,-1110033,-67.33916,116.4341
2232792,-1110033,-67.33932,116.4343
2232773,-1110032,-67.33948,116.4345
2232752,-1110032,-67.33964,116.4347
2232733,-1110032,-67.3398,116.4349
2232713,-1110032,-67.33996,116.4351
2232694,-1110032,-67.34011,116.4352
2232673,-1110030,-67.34028,116.4354
2232654,-1110030,-67.34043,116.4356
2232633,-1110030,-67.3406,116.4358
2232614,-1110030,-67.34075,116.436
2232594,-1110028,-67.34091,116.4362
2232574,-1110028,-67.34107,116.4364
2232554,-1110028,-67.34123,116.4366
2232534,-1110028,-67.34139,116.4368
2232514,-1110026,-67.34155,116.437
2232494,-1110026,-67.34171,116.4372
2232474,-1110026,-67.34187,116.4374
2232454,-1110026,-67.34203,116.4376
2232435,-1110025,-67.34219,116.4378
2232415,-1110024,-67.34235,116.438
2232395,-1110024,-67.34251,116.4382
2232374,-1110024,-67.34267,116.4384
2232355,-1110023,-67.34283,116.4385
2232336,-1110022,-67.34299,116.4387
2232315,-1110022,-67.34315,116.4389
2232295,-1110022,-67.34331,116.4391
2232275,-1110021,-67.34347,116.4393
2232255,-1110021,-67.34363,116.4395
2232236,-1110021,-67.34378,116.4397
2232216,-1110020,-67.34395,116.4399
2232196,-1110020,-67.3441,116.4401
2232176,-1110020,-67.34427,116.4403
2232156,-1110019,-67.34442,116.4405
2232137,-1110018,-67.34458,116.4407
2232116,-1110018,-67.34474,116.4409
2232097,-1110018,-67.3449,116.4411
2232076,-1110018,-67.34506,116.4413
2232057,-1110017,-67.34522,116.4415
2232038,-1110017,-67.34538,116.4417
2232017,-1110016,-67.34554,116.4419
2231998,-1110016,-67.3457,116.4421
2231977,-1110016,-67.34586,116.4422
2231958,-1110015,-67.34602,116.4424
2231938,-1110014,-67.34618,116.4426
2231918,-1110014,-67.34634,116.4428
2231898,-1110014,-67.3465,116.443
2231878,-1110013,-67.34666,116.4432
2231858,-1110012,-67.34682,116.4434
2231838,-1110012,-67.34698,116.4436
2231818,-1110012,-67.34714,116.4438
2231798,-1110012,-67.34729,116.444
2231778,-1110011,-67.34745,116.4442
2231758,-1110011,-67.34761,116.4444
2231739,-1110010,-67.34777,116.4446
2231719,-1110011,-67.34793,116.4448
2231699,-1110010,-67.34809,116.445
2231679,-1110009,-67.34825,116.4452
2231658,-1110009,-67.34841,116.4454
2231639,-1110009,-67.34856,116.4456
2231619,-1110008,-67.34873,116.4458
2231600,-1110008,-67.34888,116.446
2231579,-1110007,-67.34904,116.4462
2231560,-1110008,-67.34921,116.4464
2231540,-1110006,-67.34937,116.4465
2231520,-1110006,-67.34953,116.4467
2231499,-1110005,-67.34969,116.4469
2231480,-1110005,-67.34985,116.4471
2231460,-1110005,-67.35001,116.4473
2231440,-1110005,-67.35016,116.4475
2231421,-1110004,-67.35032,116.4477
2231400,-1110004,-67.35048,116.4479
2231381,-1110004,-67.35064,116.4481
2231360,-1110003,-67.3508,116.4483
2231340,-1110003,-67.35096,116.4485
2231320,-1110003,-67.35112,116.4487
2231301,-1110002,-67.35128,116.4489
2231282,-1110002,-67.35143,116.4491
2231260,-1110001,-67.3516,116.4493
2231242,-1110001,-67.35175,116.4495
2231222,-1110001,-67.35191,116.4497
2231202,-1110001,-67.35207,116.4499
2231182,-1110001,-67.35223,116.4501
2231162,-1110000,-67.35239,116.4503
2231142,-1110000,-67.35255,116.4505
2231122,-1109999,-67.35271,116.4507
2231102,-1109999,-67.35287,116.4509
2231082,-1109998,-67.35303,116.4511
2231062,-1109998,-67.35319,116.4513
2231042,-1109998,-67.35335,116.4515
2231022,-1109998,-67.35351,116.4517
2231002,-1109998,-67.35367,116.4519
2230982,-1109997,-67.35383,116.4521
2230961,-1109997,-67.35399,116.4523
2230942,-1109996,-67.35415,116.4525
2230922,-1109996,-67.35431,116.4527
2230902,-1109996,-67.35447,116.4529
2230882,-1109995,-67.35463,116.4531
2230863,-1109995,-67.35478,116.4533
2230841,-1109995,-67.35495,116.4535
2230822,-1109995,-67.3551,116.4537
2230801,-1109994,-67.35527,116.4539
2230782,-1109994,-67.35542,116.454
2230762,-1109994,-67.35558,116.4542
2230742,-1109994,-67.35574,116.4545
2230722,-1109994,-67.3559,116.4547
2230703,-1109994,-67.35606,116.4548
2230682,-1109992,-67.35622,116.455
2230663,-1109993,-67.35638,116.4552
2230642,-1109992,-67.35654,116.4555
2230623,-1109992,-67.3567,116.4557
2230603,-1109992,-67.35686,116.4558
2230583,-1109992,-67.35702,116.4561
2230563,-1109992,-67.35718,116.4563
2230542,-1109991,-67.35734,116.4565
2230523,-1109991,-67.3575,116.4566
2230502,-1109991,-67.35766,116.4568
2230482,-1109990,-67.35782,116.4571
2230463,-1109991,-67.35797,116.4573
2230442,-1109990,-67.35814,116.4575
2230422,-1109990,-67.35829,116.4577
2230403,-1109990,-67.35845,116.4579
2230382,-1109990,-67.35861,116.4581
2230362,-1109990,-67.35877,116.4583
2230342,-1109990,-67.35893,116.4585
2230322,-1109990,-67.35909,116.4587
2230303,-1109990,-67.35925,116.4589
2230283,-1109989,-67.35941,116.4591
2230263,-1109989,-67.35957,116.4593
2230242,-1109989,-67.35973,116.4595
2230223,-1109989,-67.35989,116.4597
2230204,-1109989,-67.36004,116.4599
2230182,-1109989,-67.36021,116.4601
2230163,-1109989,-67.36036,116.4603
2230143,-1109989,-67.36052,116.4605
2230123,-1109989,-67.36068,116.4607
2230103,-1109989,-67.36083,116.4609
2230083,-1109989,-67.36099,116.4611
2230063,-1109989,-67.36115,116.4613
2230044,-1109989,-67.36131,116.4615
2230022,-1109989,-67.36147,116.4617
2230003,-1109989,-67.36163,116.4619
2229983,-1109989,-67.36179,116.4621
2229963,-1109989,-67.36195,116.4623
2229944,-1109989,-67.3621,116.4625
2229924,-1109989,-67.36226,116.4627
2229904,-1109988,-67.36242,116.4629
2229884,-1109989,-67.36257,116.4632
2229864,-1109989,-67.36273,116.4634
2229844,-1109989,-67.36289,116.4636
2229823,-1109989,-67.36305,116.4638
2229804,-1109989,-67.3632,116.464
2229784,-1109989,-67.36336,116.4642
2229764,-1109989,-67.36352,116.4644
2229744,-1109989,-67.36368,116.4646
2229724,-1109989,-67.36384,116.4648
2229705,-1109989,-67.36399,116.465
2229685,-1109989,-67.36415,116.4652
2229665,-1109989,-67.36431,116.4654
2229646,-1109989,-67.36446,116.4656
2229626,-1109989,-67.36462,116.4658
2229606,-1109989,-67.36478,116.466
2229586,-1109989,-67.36494,116.4662
2229566,-1109989,-67.3651,116.4664
2229547,-1109989,-67.36525,116.4666
2229526,-1109989,-67.36541,116.4668
2229507,-1109989,-67.36556,116.467
2229487,-1109988,-67.36572,116.4672
2229467,-1109988,-67.36588,116.4674
2229448,-1109989,-67.36604,116.4676
2229429,-1109989,-67.36619,116.4678
2229408,-1109988,-67.36635,116.468
2229389,-1109989,-67.36651,116.4682
2229368,-1109989,-67.36666,116.4684
2229348,-1109988,-67.36682,116.4686
2229329,-1109988,-67.36697,116.4688
2229309,-1109988,-67.36713,116.469
2229290,-1109988,-67.36729,116.4692
2229270,-1109988,-67.36745,116.4694
2229251,-1109988,-67.3676,116.4696
2229230,-1109988,-67.36776,116.4698
2229211,-1109988,-67.36792,116.47
2229192,-1109988,-67.36807,116.4702
2229171,-1109988,-67.36823,116.4704
2229152,-1109987,-67.36839,116.4706
2229132,-1109987,-67.36854,116.4708
2229113,-1109987,-67.3687,116.471
2229093,-1109987,-67.36885,116.4712
2229074,-1109987,-67.36901,116.4714
2229054,-1109987,-67.36916,116.4716
2229034,-1109986,-67.36932,116.4718
2229015,-1109986,-67.36948,116.472
2228996,-1109986,-67.36964,116.4722
2228976,-1109986,-67.36979,116.4724
2228955,-1109985,-67.36995,116.4726
2228936,-1109985,-67.3701,116.4728
2228917,-1109985,-67.37026,116.473
2228898,-1109984,-67.37041,116.4732
2228878,-1109984,-67.37057,116.4734
2228859,-1109984,-67.37073,116.4736
2228840,-1109984,-67.37088,116.4737
2228820,-1109983,-67.37104,116.4739
2228800,-1109983,-67.37119,116.4741
2228781,-1109983,-67.37135,116.4743
2228761,-1109983,-67.37151,116.4745
2228742,-1109982,-67.37166,116.4747
2228722,-1109982,-67.37182,116.4749
2228704,-1109981,-67.37197,116.4751
2228683,-1109980,-67.37213,116.4753
2228664,-1109980,-67.37228,116.4755
2228645,-1109980,-67.37244,116.4757
2228625,-1109979,-67.3726,116.4759
2228606,-1109979,-67.37275,116.4761
2228587,-1109979,-67.3729,116.4762
2228567,-1109978,-67.37306,116.4764
2228548,-1109978,-67.37321,116.4766
2228529,-1109977,-67.37337,116.4768
2228510,-1109977,-67.37353,116.477
2228490,-1109976,-67.37368,116.4772
2228471,-1109975,-67.37384,116.4774
2228452,-1109975,-67.37399,116.4776
2228432,-1109974,-67.37415,116.4777
2228412,-1109974,-67.37431,116.4779
2228394,-1109974,-67.37446,116.4781
2228374,-1109973,-67.37462,116.4783
2228354,-1109972,-67.37477,116.4785
2228336,-1109972,-67.37492,116.4787
2228316,-1109971,-67.37508,116.4789
2228297,-1109970,-67.37524,116.479
2228278,-1109970,-67.37539,116.4792
2228259,-1109969,-67.37554,116.4794
2228240,-1109968,-67.37569,116.4796
2228220,-1109968,-67.37585,116.4798
2228202,-1109967,-67.37601,116.48
2228183,-1109967,-67.37616,116.4801
2228163,-1109966,-67.37632,116.4803
2228144,-1109965,-67.37647,116.4805
2228124,-1109965,-67.37663,116.4807
2228105,-1109964,-67.37679,116.4809
2228086,-1109963,-67.37694,116.4811
2228067,-1109962,-67.37709,116.4812
2228048,-1109962,-67.37724,116.4814
2228029,-1109961,-67.3774,116.4816
2228010,-1109960,-67.37756,116.4818
2227991,-1109960,-67.37771,116.482
2227972,-1109959,-67.37786,116.4821
2227953,-1109958,-67.37801,116.4823
2227934,-1109958,-67.37817,116.4825
2227914,-1109956,-67.37833,116.4827
2227896,-1109956,-67.37848,116.4829
2227876,-1109955,-67.37864,116.483
2227857,-1109954,-67.37879,116.4832
2227837,-1109954,-67.37894,116.4834
2227819,-1109953,-67.3791,116.4836
2227800,-1109952,-67.37925,116.4838
2227780,-1109951,-67.37941,116.4839
2227762,-1109950,-67.37956,116.4841
2227744,-1109949,-67.37971,116.4843
2227724,-1109949,-67.37987,116.4845
2227705,-1109948,-67.38002,116.4846
2227686,-1109947,-67.38017,116.4848
2227668,-1109947,-67.38033,116.485
2227648,-1109946,-67.38048,116.4852
2227629,-1109945,-67.38064,116.4854
2227610,-1109943,-67.38079,116.4855
2227591,-1109943,-67.38094,116.4857
2227572,-1109942,-67.3811,116.4859
2227553,-1109941,-67.38125,116.4861
2227534,-1109940,-67.38141,116.4862
2227515,-1109939,-67.38156,116.4864
2227496,-1109939,-67.38171,116.4866
2227478,-1109937,-67.38187,116.4868
2227458,-1109936,-67.38202,116.4869
2227439,-1109935,-67.38218,116.4871
2227421,-1109934,-67.38233,116.4873
2227402,-1109933,-67.38248,116.4875
2227383,-1109932,-67.38264,116.4877
2227364,-1109932,-67.38279,116.4878
2227345,-1109931,-67.38295,116.488
2227326,-1109930,-67.3831,116.4882
2227307,-1109929,-67.38325,116.4883
2227288,-1109928,-67.38341,116.4885
2227269,-1109927,-67.38356,116.4887
2227250,-1109927,-67.38371,116.4889
2227232,-1109926,-67.38387,116.4891
2227213,-1109925,-67.38402,116.4892
2227194,-1109924,-67.38418,116.4894
2227174,-1109922,-67.38433,116.4896
2227156,-1109922,-67.38448,116.4898
2227136,-1109921,-67.38464,116.4899
2227118,-1109920,-67.38479,116.4901
2227098,-1109919,-67.38495,116.4903
2227079,-1109918,-67.3851,116.4905
2227061,-1109917,-67.38525,116.4906
2227042,-1109917,-67.38541,116.4908
2227023,-1109915,-67.38556,116.491
2227003,-1109914,-67.38572,116.4912
2226984,-1109914,-67.38587,116.4913
2226966,-1109913,-67.38602,116.4915
2226947,-1109912,-67.38618,116.4917
2226928,-1109911,-67.38633,116.4919
2226908,-1109910,-67.38649,116.4921
2226889,-1109909,-67.38664,116.4922
2226871,-1109908,-67.3868,116.4924
2226852,-1109907,-67.38695,116.4926
2226834,-1109907,-67.3871,116.4928
2226814,-1109905,-67.38726,116.4929
2226795,-1109905,-67.38741,116.4931
2226776,-1109904,-67.38757,116.4933
2226757,-1109903,-67.38772,116.4935
2226738,-1109902,-67.38787,116.4936
2226718,-1109901,-67.38803,116.4938
2226700,-1109900,-67.38818,116.494
2226681,-1109900,-67.38834,116.4942
2226661,-1109898,-67.3885,116.4944
2226642,-1109898,-67.38865,116.4945
2226624,-1109897,-67.3888,116.4947
2226604,-1109896,-67.38895,116.4949
2226586,-1109895,-67.38911,116.4951
2226566,-1109895,-67.38927,116.4952
2226547,-1109893,-67.38942,116.4954
2226529,-1109893,-67.38957,116.4956
2226508,-1109892,-67.38973,116.4958
2226490,-1109891,-67.38988,116.496
2226470,-1109890,-67.39005,116.4961
2226451,-1109889,-67.3902,116.4963
2226433,-1109888,-67.39035,116.4965
2226412,-1109887,-67.39051,116.4967
2226394,-1109886,-67.39066,116.4969
2226375,-1109886,-67.39082,116.497
2226355,-1109885,-67.39098,116.4972
2226337,-1109884,-67.39113,116.4974
2226317,-1109883,-67.39129,116.4976
2226298,-1109883,-67.39144,116.4978
2226279,-1109882,-67.39159,116.4979
2226259,-1109881,-67.39175,116.4981
2226240,-1109881,-67.39191,116.4983
2226220,-1109879,-67.39207,116.4985
2226202,-1109879,-67.39222,116.4987
2226183,-1109878,-67.39237,116.4988
2226163,-1109877,-67.39253,116.499
2226144,-1109876,-67.39268,116.4992
2226124,-1109875,-67.39285,116.4994
2226105,-1109875,-67.393,116.4996
2226086,-1109874,-67.39315,116.4998
2226067,-1109873,-67.39331,116.4999
2226048,-1109873,-67.39346,116.5001
2226028,-1109872,-67.39362,116.5003
2226009,-1109871,-67.39378,116.5005
2225990,-1109871,-67.39393,116.5007
2225970,-1109870,-67.39409,116.5009
2225952,-1109869,-67.39424,116.501
2225932,-1109869,-67.3944,116.5012
2225912,-1109868,-67.39455,116.5014
2225892,-1109867,-67.39471,116.5016
2225873,-1109866,-67.39487,116.5018
2225854,-1109866,-67.39503,116.502
2225835,-1109865,-67.39519,116.5022
2225815,-1109864,-67.39534,116.5023
2225796,-1109864,-67.39549,116.5025
2225776,-1109863,-67.39565,116.5027
2225758,-1109863,-67.39581,116.5029
2225738,-1109862,-67.39596,116.5031
2225718,-1109862,-67.39612,116.5033
2225700,-1109861,-67.39627,116.5035
2225680,-1109860,-67.39643,116.5037
2225660,-1109860,-67.39659,116.5038
2225641,-1109859,-67.39674,116.504
2225621,-1109859,-67.3969,116.5042
2225602,-1109858,-67.39706,116.5044
2225582,-1109857,-67.39722,116.5046
2225563,-1109857,-67.39737,116.5048
2225544,-1109857,-67.39752,116.505
2225524,-1109856,-67.39768,116.5052
2225505,-1109856,-67.39783,116.5054
2225484,-1109856,-67.39799,116.5056
2225466,-1109855,-67.39815,116.5058
2225447,-1109856,-67.3983,116.5059
2225427,-1109854,-67.39846,116.5061
2225408,-1109854,-67.39861,116.5063
2225388,-1109854,-67.39877,116.5065
2225368,-1109854,-67.39893,116.5067
2225350,-1109853,-67.39908,116.5069
2225329,-1109853,-67.39924,116.5071
2225310,-1109852,-67.39939,116.5073
2225292,-1109852,-67.39954,116.5075
2225272,-1109852,-67.3997,116.5077
2225252,-1109851,-67.39986,116.5079
2225233,-1109851,-67.40002,116.5081
2225214,-1109850,-67.40017,116.5082
2225194,-1109850,-67.40032,116.5084
2225174,-1109849,-67.40048,116.5086
2225155,-1109850,-67.40063,116.5088
2225135,-1109849,-67.40079,116.509
2225116,-1109848,-67.40095,116.5092
2225097,-1109849,-67.4011,116.5094
2225078,-1109848,-67.40126,116.5096
2225058,-1109848,-67.40141,116.5098
2225038,-1109847,-67.40157,116.51
2225019,-1109847,-67.40173,116.5102
2225000,-1109847,-67.40188,116.5104
2224978,-1109845,-67.40205,116.5106
2224955,-1109842,-67.40225,116.5107
2224932,-1109840,-67.40244,116.5109
2224907,-1109838,-67.40265,116.5111
2224886,-1109836,-67.40282,116.5113
2224867,-1109836,-67.40298,116.5115
2224848,-1109836,-67.40313,116.5117
2224828,-1109835,-67.40328,116.5119
2224808,-1109835,-67.40344,116.5121
2224790,-1109835,-67.40359,116.5123
2224770,-1109834,-67.40376,116.5125
2224750,-1109834,-67.40391,116.5127
2224730,-1109834,-67.40406,116.5129
2224712,-1109834,-67.40421,116.5131
2224693,-1109834,-67.40437,116.5133
2224672,-1109833,-67.40453,116.5135
2224656,-1109835,-67.40465,116.5137
2224641,-1109837,-67.40476,116.5138
2224625,-1109839,-67.40488,116.514
2224610,-1109840,-67.405,116.5142
2224590,-1109840,-67.40516,116.5144
2224571,-1109839,-67.40531,116.5146
2224552,-1109840,-67.40546,116.5148
2224531,-1109839,-67.40562,116.515
2224512,-1109839,-67.40578,116.5152
2224492,-1109838,-67.40594,116.5154
2224472,-1109838,-67.4061,116.5156
2224453,-1109838,-67.40625,116.5158
2224432,-1109838,-67.40641,116.516
2224414,-1109838,-67.40656,116.5162
2224395,-1109838,-67.40672,116.5164
2224375,-1109838,-67.40688,116.5166
2224355,-1109838,-67.40703,116.5168
2224335,-1109837,-67.40719,116.517
2224316,-1109837,-67.40734,116.5172
2224296,-1109838,-67.40749,116.5174
2224276,-1109837,-67.40765,116.5176
2224257,-1109837,-67.40781,116.5178
2224238,-1109837,-67.40797,116.518
2224218,-1109838,-67.40812,116.5182
2224198,-1109837,-67.40828,116.5184
2224178,-1109837,-67.40844,116.5186
2224158,-1109836,-67.4086,116.5188
2224138,-1109837,-67.40875,116.519
2224118,-1109837,-67.40891,116.5192
2224099,-1109838,-67.40906,116.5194
2224079,-1109838,-67.40922,116.5197
2224060,-1109838,-67.40937,116.5199
2224041,-1109839,-67.40952,116.5201
2224020,-1109839,-67.40968,116.5203
2224001,-1109840,-67.40983,116.5205
2223981,-1109840,-67.40998,116.5207
2223962,-1109842,-67.41013,116.5209
2223943,-1109842,-67.41028,116.5211
2223924,-1109844,-67.41043,116.5214
2223904,-1109844,-67.41058,116.5216
2223885,-1109845,-67.41073,116.5218
2223865,-1109846,-67.41088,116.522
2223846,-1109847,-67.41103,116.5223
2223826,-1109849,-67.41118,116.5225
2223807,-1109850,-67.41132,116.5227
2223788,-1109852,-67.41147,116.5229
2223770,-1109853,-67.41161,116.5232
2223750,-1109855,-67.41176,116.5234
2223730,-1109856,-67.41191,116.5236
2223711,-1109858,-67.41206,116.5239
2223692,-1109861,-67.41219,116.5241
2223674,-1109862,-67.41234,116.5243
2223654,-1109864,-67.41248,116.5246
2223634,-1109867,-67.41263,116.5248
2223616,-1109869,-67.41277,116.5251
2223596,-1109871,-67.41291,116.5253
2223578,-1109874,-67.41305,116.5256
2223558,-1109876,-67.41319,116.5258
2223540,-1109879,-67.41333,116.5261
2223521,-1109882,-67.41347,116.5263
2223502,-1109884,-67.4136,116.5266
2223484,-1109888,-67.41374,116.5268
2223465,-1109890,-67.41388,116.5271
2223446,-1109894,-67.41402,116.5273
2223427,-1109896,-67.41415,116.5276
2223409,-1109900,-67.41428,116.5278
2223390,-1109904,-67.41442,116.5281
2223372,-1109907,-67.41455,116.5284
2223352,-1109911,-67.41469,116.5286
2223334,-1109915,-67.41482,116.5289
2223316,-1109919,-67.41495,116.5292
2223298,-1109923,-67.41508,116.5294
2223279,-1109926,-67.41521,116.5297
2223261,-1109931,-67.41534,116.53
2223243,-1109935,-67.41547,116.5303
2223226,-1109939,-67.41559,116.5305
2223207,-1109944,-67.41572,116.5308
2223188,-1109948,-67.41585,116.5311
2223171,-1109952,-67.41597,116.5314
2223152,-1109958,-67.41609,116.5317
2223134,-1109962,-67.41622,116.532
2223116,-1109967,-67.41634,116.5322
2223098,-1109972,-67.41647,116.5325
2223081,-1109977,-67.41658,116.5328
2223062,-1109982,-67.4167,116.5331
2223045,-1109988,-67.41682,116.5334
2223027,-1109993,-67.41695,116.5337
2223010,-1109999,-67.41706,116.534
2222992,-1110005,-67.41718,116.5343
2222974,-1110011,-67.4173,116.5346
2222956,-1110016,-67.41741,116.5349
2222939,-1110022,-67.41753,116.5352
2222922,-1110028,-67.41764,116.5355
2222905,-1110034,-67.41775,116.5358
2222888,-1110041,-67.41786,116.5361
2222871,-1110047,-67.41797,116.5364
2222853,-1110053,-67.41808,116.5367
2222837,-1110060,-67.41819,116.537
2222820,-1110067,-67.4183,116.5374
2222802,-1110074,-67.41841,116.5377
2222786,-1110080,-67.41852,116.538
2222769,-1110088,-67.41862,116.5383
2222752,-1110095,-67.41872,116.5386
2222735,-1110102,-67.41883,116.539
2222717,-1110109,-67.41894,116.5393
2222701,-1110117,-67.41904,116.5396
2222684,-1110125,-67.41914,116.5399
2222667,-1110132,-67.41924,116.5403
2222652,-1110140,-67.41933,116.5406
2222635,-1110148,-67.41944,116.5409
2222620,-1110156,-67.41953,116.5413
2222602,-1110164,-67.41963,116.5416
2222586,-1110172,-67.41973,116.5419
2222571,-1110180,-67.41982,116.5423
2222555,-1110189,-67.41991,116.5426
2222538,-1110197,-67.42001,116.5429
2222523,-1110206,-67.4201,116.5433
2222506,-1110215,-67.4202,116.5436
2222490,-1110223,-67.42029,116.544
2222474,-1110232,-67.42038,116.5443
2222458,-1110241,-67.42047,116.5447
2222443,-1110250,-67.42056,116.545
2222428,-1110259,-67.42065,116.5454
2222412,-1110269,-67.42073,116.5457
2222397,-1110278,-67.42081,116.5461
2222380,-1110287,-67.42091,116.5464
2222366,-1110296,-67.42099,116.5468
2222350,-1110306,-67.42107,116.5471
2222334,-1110316,-67.42116,116.5475
2222320,-1110326,-67.42123,116.5479
2222304,-1110336,-67.42132,116.5482
2222289,-1110346,-67.42139,116.5486
2222274,-1110356,-67.42148,116.549
2222259,-1110367,-67.42155,116.5493
2222244,-1110377,-67.42163,116.5497
2222230,-1110388,-67.42171,116.55
2222214,-1110398,-67.42178,116.5504
2222200,-1110409,-67.42186,116.5508
2222184,-1110419,-67.42194,116.5512
2222170,-1110430,-67.422,116.5515
2222156,-1110441,-67.42208,116.5519
2222142,-1110452,-67.42215,116.5523
2222127,-1110463,-67.42222,116.5527
2222113,-1110475,-67.42229,116.553
2222099,-1110486,-67.42236,116.5534
2222084,-1110497,-67.42242,116.5538
2222070,-1110509,-67.42249,116.5542
2222056,-1110520,-67.42255,116.5546
2222042,-1110532,-67.42262,116.555
2222028,-1110544,-67.42268,116.5553
2222014,-1110555,-67.42275,116.5557
2222000,-1110567,-67.42281,116.5561
2221987,-1110579,-67.42287,116.5565
2221973,-1110591,-67.42294,116.5569
2221959,-1110603,-67.423,116.5573
2221946,-1110616,-67.42305,116.5577
2221932,-1110628,-67.42311,116.5581
2221920,-1110640,-67.42316,116.5585
2221905,-1110653,-67.42323,116.5589
2221892,-1110666,-67.42328,116.5593
2221880,-1110678,-67.42333,116.5597
2221866,-1110691,-67.42339,116.5601
2221853,-1110704,-67.42344,116.5605
2221840,-1110716,-67.42349,116.5609
2221826,-1110730,-67.42355,116.5613
2221814,-1110742,-67.4236,116.5617
2221801,-1110756,-67.42365,116.5621
2221788,-1110768,-67.4237,116.5625
2221776,-1110782,-67.42374,116.5629
2221762,-1110795,-67.4238,116.5633
2221750,-1110808,-67.42384,116.5637
2221738,-1110822,-67.42389,116.5641
2221724,-1110835,-67.42393,116.5645
2221712,-1110849,-67.42398,116.5649
2221700,-1110863,-67.42402,116.5653
2221688,-1110876,-67.42406,116.5657
2221675,-1110890,-67.42411,116.5661
2221663,-1110904,-67.42415,116.5665
2221651,-1110917,-67.42419,116.5669
2221639,-1110932,-67.42423,116.5674
2221627,-1110946,-67.42427,116.5678
2221615,-1110960,-67.42431,116.5682
2221603,-1110974,-67.42435,116.5686
2221592,-1110988,-67.42439,116.569
2221580,-1111002,-67.42442,116.5694
2221568,-1111016,-67.42445,116.5698
2221556,-1111031,-67.42449,116.5703
2221545,-1111046,-67.42452,116.5707
2221533,-1111060,-67.42456,116.5711
2221522,-1111074,-67.42459,116.5715
2221511,-1111090,-67.42462,116.5719
2221500,-1111104,-67.42465,116.5724
2221488,-1111118,-67.42469,116.5728
2221478,-1111134,-67.42471,116.5732
2221466,-1111148,-67.42474,116.5736
2221454,-1111163,-67.42477,116.574
2221444,-1111179,-67.4248,116.5745
2221433,-1111193,-67.42483,116.5749
2221423,-1111208,-67.42485,116.5753
2221412,-1111224,-67.42487,116.5757
2221401,-1111239,-67.4249,116.5761
2221390,-1111253,-67.42493,116.5766
2221381,-1111270,-67.42494,116.577
2221370,-1111285,-67.42496,116.5774
2221359,-1111300,-67.42499,116.5779
2221349,-1111315,-67.42501,116.5783
2221340,-1111331,-67.42503,116.5787
2221329,-1111346,-67.42505,116.5791
2221318,-1111362,-67.42506,116.5796
2221308,-1111378,-67.42509,116.58
2221299,-1111393,-67.4251,116.5804
2221289,-1111409,-67.42512,116.5808
2221279,-1111425,-67.42513,116.5813
2221269,-1111440,-67.42515,116.5817
2221259,-1111456,-67.42516,116.5821
2221250,-1111473,-67.42517,116.5825
2221241,-1111488,-67.42519,116.583
2221230,-1111504,-67.42521,116.5834
2221220,-1111520,-67.42522,116.5838
2221210,-1111536,-67.42524,116.5843
2221200,-1111552,-67.42525,116.5847
2221194,-1111569,-67.42524,116.5851
2221186,-1111586,-67.42524,116.5855
2221177,-1111602,-67.42524,116.586
2221169,-1111618,-67.42524,116.5864
2221159,-1111635,-67.42525,116.5868
2221149,-1111651,-67.42526,116.5872
2221140,-1111668,-67.42527,116.5877
2221132,-1111684,-67.42527,116.5881
2221124,-1111700,-67.42527,116.5885
2221115,-1111717,-67.42527,116.589
2221106,-1111733,-67.42528,116.5894
2221098,-1111751,-67.42527,116.5898
2221090,-1111767,-67.42527,116.5903
2221082,-1111784,-67.42527,116.5907
2221074,-1111800,-67.42527,116.5911
2221066,-1111818,-67.42526,116.5916
2221057,-1111835,-67.42526,116.592
2221050,-1111852,-67.42525,116.5924
2221042,-1111868,-67.42525,116.5928
2221034,-1111885,-67.42525,116.5933
2221027,-1111902,-67.42524,116.5937
2221019,-1111919,-67.42524,116.5941
2221010,-1111936,-67.42523,116.5946
2221004,-1111954,-67.42522,116.595
2220996,-1111971,-67.42521,116.5954
2220989,-1111988,-67.42519,116.5959
2220982,-1112006,-67.42519,116.5963
2220976,-1112023,-67.42516,116.5967
2220969,-1112040,-67.42515,116.5972
2220962,-1112059,-67.42513,116.5976
2220956,-1112075,-67.42512,116.598
2220948,-1112093,-67.42509,116.5984
2220942,-1112111,-67.42508,116.5989
2220936,-1112128,-67.42506,116.5993
2220930,-1112146,-67.42503,116.5997
2220924,-1112164,-67.42501,116.6002
2220918,-1112182,-67.42499,116.6006
2220912,-1112200,-67.42496,116.601
2220906,-1112217,-67.42494,116.6015
2220900,-1112236,-67.42492,116.6019
2220895,-1112253,-67.42489,116.6023
2220889,-1112271,-67.42487,116.6027
2220884,-1112289,-67.42484,116.6032
2220878,-1112307,-67.4248,116.6036
2220872,-1112325,-67.42477,116.604
2220868,-1112343,-67.42474,116.6044
2220863,-1112361,-67.42471,116.6049
2220858,-1112380,-67.42467,116.6053
2220853,-1112398,-67.42464,116.6057
2220848,-1112416,-67.42461,116.6061
2220844,-1112434,-67.42458,116.6066
2220839,-1112452,-67.42454,116.607
2220835,-1112471,-67.4245,116.6074
2220831,-1112490,-67.42446,116.6078
2220826,-1112508,-67.42442,116.6083
2220822,-1112527,-67.42438,116.6087
2220818,-1112545,-67.42434,116.6091
2220814,-1112564,-67.42429,116.6095
2220810,-1112582,-67.42426,116.61
2220807,-1112600,-67.42421,116.6104
2220803,-1112619,-67.42416,116.6108
2220800,-1112638,-67.42412,116.6112
2220797,-1112657,-67.42406,116.6116
2220793,-1112675,-67.42402,116.6121
2220790,-1112694,-67.42397,116.6125
2220787,-1112713,-67.42392,116.6129
2220784,-1112731,-67.42387,116.6133
2220781,-1112750,-67.42382,116.6137
2220778,-1112769,-67.42377,116.6142
2220775,-1112788,-67.42371,116.6146
2220773,-1112807,-67.42366,116.615
2220770,-1112826,-67.42361,116.6154
2220768,-1112844,-67.42355,116.6158
2220765,-1112863,-67.42349,116.6162
2220763,-1112882,-67.42343,116.6166
2220761,-1112901,-67.42337,116.6171
2220759,-1112920,-67.42332,116.6175
2220757,-1112939,-67.42326,116.6179
2220755,-1112958,-67.42319,116.6183
2220754,-1112977,-67.42313,116.6187
2220752,-1112996,-67.42307,116.6191
2220751,-1113015,-67.423,116.6195
2220749,-1113035,-67.42294,116.6199
2220748,-1113054,-67.42288,116.6203
2220746,-1113072,-67.42281,116.6207
2220745,-1113092,-67.42275,116.6211
2220744,-1113111,-67.42268,116.6216
2220742,-1113129,-67.42262,116.622
2220741,-1113149,-67.42255,116.6224
2220740,-1113168,-67.42249,116.6228
2220739,-1113187,-67.42242,116.6232
2220738,-1113207,-67.42235,116.6236
2220737,-1113225,-67.42228,116.624
2220736,-1113245,-67.4222,116.6244
2220736,-1113264,-67.42213,116.6248
2220735,-1113283,-67.42207,116.6252
2220735,-1113303,-67.42199,116.6256
2220734,-1113322,-67.42192,116.626
2220734,-1113341,-67.42184,116.6264
2220734,-1113360,-67.42177,116.6268
2220733,-1113379,-67.4217,116.6272
2220733,-1113398,-67.42162,116.6276
2220732,-1113418,-67.42155,116.628
2220733,-1113438,-67.42147,116.6284
2220732,-1113456,-67.42139,116.6288
2220733,-1113475,-67.42132,116.6292
2220734,-1113496,-67.42123,116.6296
2220734,-1113515,-67.42116,116.63
2220734,-1113534,-67.42108,116.6304
2220734,-1113554,-67.421,116.6308
2220735,-1113572,-67.42092,116.6312
2220735,-1113592,-67.42084,116.6316
2220736,-1113611,-67.42075,116.632
2220737,-1113630,-67.42068,116.6323
2220737,-1113650,-67.42059,116.6327
2220738,-1113669,-67.42051,116.6331
2220739,-1113689,-67.42043,116.6335
2220740,-1113708,-67.42034,116.6339
2220741,-1113727,-67.42026,116.6343
2220742,-1113748,-67.42017,116.6347
2220743,-1113766,-67.42009,116.6351
2220744,-1113786,-67.42,116.6355
2220745,-1113805,-67.41991,116.6359
2220746,-1113824,-67.41983,116.6362
2220747,-1113844,-67.41974,116.6366
2220748,-1113863,-67.41965,116.637
2220750,-1113883,-67.41957,116.6374
2220751,-1113902,-67.41948,116.6378
2220752,-1113921,-67.4194,116.6382
2220754,-1113941,-67.4193,116.6386
2220756,-1113960,-67.41921,116.639
2220757,-1113980,-67.41912,116.6393
2220759,-1114000,-67.41903,116.6397
2220760,-1114019,-67.41895,116.6401
2220762,-1114039,-67.41885,116.6405
2220764,-1114058,-67.41876,116.6409
2220765,-1114077,-67.41867,116.6413
2220768,-1114098,-67.41857,116.6416
2220769,-1114116,-67.41848,116.642
2220772,-1114137,-67.41839,116.6424
2220773,-1114156,-67.4183,116.6428
2220775,-1114175,-67.41821,116.6432
2220777,-1114195,-67.41811,116.6436
2220779,-1114214,-67.41801,116.6439
2220782,-1114234,-67.41792,116.6443
2220784,-1114254,-67.41782,116.6447
2220786,-1114273,-67.41772,116.6451
2220789,-1114293,-67.41763,116.6455
2220791,-1114313,-67.41753,116.6458
2220794,-1114332,-67.41743,116.6462
2220796,-1114352,-67.41734,116.6466
2220798,-1114371,-67.41724,116.647
2220801,-1114391,-67.41714,116.6474
2220804,-1114411,-67.41705,116.6477
2220806,-1114430,-67.41695,116.6481
2220809,-1114450,-67.41685,116.6485
2220811,-1114470,-67.41675,116.6489
2220813,-1114490,-67.41665,116.6493
2220817,-1114510,-67.41654,116.6496
2220820,-1114529,-67.41644,116.65
2220822,-1114549,-67.41634,116.6504
2220826,-1114568,-67.41624,116.6508
2220828,-1114589,-67.41614,116.6511
2220831,-1114608,-67.41604,116.6515
2220834,-1114627,-67.41594,116.6519
2220838,-1114648,-67.41583,116.6523
2220841,-1114667,-67.41573,116.6526
2220844,-1114687,-67.41563,116.653
2220846,-1114706,-67.41553,116.6534
2220850,-1114727,-67.41542,116.6538
2220853,-1114747,-67.41531,116.6542
2220856,-1114766,-67.41521,116.6545
2220859,-1114786,-67.41512,116.6549
2220862,-1114806,-67.41501,116.6553
2220866,-1114826,-67.4149,116.6556
2220869,-1114846,-67.41479,116.656
2220871,-1114866,-67.4147,116.6564
2220875,-1114885,-67.41459,116.6568
2220878,-1114905,-67.41448,116.6572
2220882,-1114925,-67.41438,116.6575
2220886,-1114945,-67.41427,116.6579
2220888,-1114964,-67.41417,116.6583
2220892,-1114984,-67.41406,116.6587
2220895,-1115005,-67.41396,116.659
2220898,-1115024,-67.41385,116.6594
2220902,-1115045,-67.41374,116.6598
2220906,-1115064,-67.41364,116.6602
2220908,-1115084,-67.41354,116.6605
2220912,-1115104,-67.41343,116.6609
2220914,-1115124,-67.41332,116.6613
2220919,-1115145,-67.41321,116.6617
2220922,-1115164,-67.41311,116.662
2220926,-1115184,-67.413,116.6624
2220930,-1115204,-67.41289,116.6628
2220934,-1115224,-67.41278,116.6631
2220938,-1115244,-67.41267,116.6635
2220940,-1115264,-67.41257,116.6639
2220944,-1115283,-67.41246,116.6643
2220948,-1115304,-67.41235,116.6646
2220952,-1115324,-67.41224,116.665
2220955,-1115342,-67.41213,116.6654
2220960,-1115364,-67.41202,116.6658
2220963,-1115383,-67.41191,116.6661
2220967,-1115404,-67.4118,116.6665
2220971,-1115423,-67.41169,116.6669
2220976,-1115442,-67.41158,116.6672
2220980,-1115463,-67.41146,116.6676
2220983,-1115482,-67.41135,116.668
2220988,-1115502,-67.41124,116.6683
2220992,-1115522,-67.41113,116.6687
2220997,-1115543,-67.41101,116.6691
2221001,-1115563,-67.4109,116.6694
2221005,-1115582,-67.41079,116.6698
2221010,-1115601,-67.41068,116.6701
2221014,-1115622,-67.41056,116.6705
2221018,-1115641,-67.41045,116.6709
2221024,-1115662,-67.41032,116.6712
2221027,-1115681,-67.41022,116.6716
2221032,-1115701,-67.4101,116.672
2221037,-1115721,-67.40998,116.6723
2221040,-1115741,-67.40987,116.6727
2221046,-1115761,-67.40975,116.673
2221051,-1115780,-67.40964,116.6734
2221054,-1115800,-67.40952,116.6738
2221059,-1115820,-67.40941,116.6741
2221064,-1115840,-67.40929,116.6745
2221069,-1115860,-67.40917,116.6749
2221074,-1115880,-67.40906,116.6752
2221079,-1115900,-67.40894,116.6756
2221082,-1115919,-67.40883,116.6759
2221088,-1115939,-67.40871,116.6763
2221092,-1115959,-67.40859,116.6767
2221098,-1115979,-67.40848,116.677
2221102,-1115998,-67.40836,116.6774
2221106,-1116018,-67.40825,116.6777
2221111,-1116038,-67.40813,116.6781
2221116,-1116058,-67.40802,116.6784
2221121,-1116078,-67.4079,116.6788
2221126,-1116098,-67.40778,116.6792
2221130,-1116117,-67.40767,116.6795
2221135,-1116137,-67.40755,116.6799
2221138,-1116156,-67.40744,116.6802
2221144,-1116177,-67.40732,116.6806
2221148,-1116197,-67.4072,116.681
2221153,-1116217,-67.40709,116.6813
2221158,-1116236,-67.40697,116.6817
2221162,-1116257,-67.40686,116.682
2221167,-1116276,-67.40674,116.6824
2221172,-1116295,-67.40662,116.6828
2221177,-1116315,-67.40651,116.6831
2221182,-1116336,-67.40639,116.6835
2221186,-1116355,-67.40628,116.6838
2221191,-1116376,-67.40616,116.6842
2221195,-1116395,-67.40604,116.6846
2221200,-1116415,-67.40593,116.6849
2221205,-1116434,-67.40582,116.6853
2221209,-1116454,-67.4057,116.6856
2221214,-1116474,-67.40558,116.686
2221219,-1116494,-67.40546,116.6864
2221224,-1116514,-67.40535,116.6867
2221228,-1116533,-67.40524,116.6871
2221232,-1116553,-67.40512,116.6874
2221238,-1116574,-67.405,116.6878
2221243,-1116593,-67.40488,116.6882
2221246,-1116612,-67.40477,116.6885
2221252,-1116632,-67.40466,116.6889
2221256,-1116652,-67.40454,116.6892
2221261,-1116673,-67.40442,116.6896
2221266,-1116692,-67.4043,116.69
2221270,-1116712,-67.40419,116.6903
2221274,-1116732,-67.40408,116.6907
2221280,-1116752,-67.40395,116.691
2221285,-1116772,-67.40384,116.6914
2221288,-1116792,-67.40372,116.6918
2221294,-1116811,-67.40361,116.6921
2221298,-1116831,-67.4035,116.6925
2221302,-1116851,-67.40338,116.6928
2221308,-1116871,-67.40327,116.6932
2221311,-1116890,-67.40315,116.6936
2221316,-1116910,-67.40304,116.6939
2221321,-1116931,-67.40292,116.6943
2221326,-1116950,-67.40281,116.6946
2221329,-1116970,-67.40269,116.695
2221334,-1116990,-67.40258,116.6954
2221339,-1117009,-67.40247,116.6957
2221343,-1117030,-67.40235,116.6961
2221346,-1117049,-67.40224,116.6965
2221351,-1117069,-67.40213,116.6968
2221356,-1117089,-67.40202,116.6972
2221358,-1117108,-67.40191,116.6976
2221363,-1117129,-67.40179,116.6979
2221367,-1117148,-67.40169,116.6983
2221371,-1117168,-67.40157,116.6987
2221375,-1117188,-67.40147,116.699
2221380,-1117208,-67.40135,116.6994
2221383,-1117228,-67.40125,116.6998
2221386,-1117247,-67.40114,116.7001
2221390,-1117267,-67.40103,116.7005
2221394,-1117287,-67.40092,116.7009
2221398,-1117307,-67.40081,116.7012
2221401,-1117327,-67.4007,116.7016
2221404,-1117346,-67.4006,116.702
2221408,-1117366,-67.40049,116.7023
2221412,-1117386,-67.40038,116.7027
2221415,-1117406,-67.40028,116.7031
2221419,-1117426,-67.40017,116.7035
2221423,-1117446,-67.40006,116.7038
2221426,-1117465,-67.39996,116.7042
2221430,-1117486,-67.39985,116.7046
2221432,-1117505,-67.39974,116.705
2221436,-1117524,-67.39964,116.7053
2221439,-1117545,-67.39954,116.7057
2221443,-1117565,-67.39943,116.7061
2221446,-1117585,-67.39932,116.7065
2221449,-1117604,-67.39922,116.7068
2221452,-1117624,-67.39912,116.7072
2221454,-1117643,-67.39902,116.7076
2221458,-1117664,-67.39891,116.708
2221461,-1117684,-67.39881,116.7083
2221465,-1117704,-67.3987,116.7087
2221467,-1117723,-67.39861,116.7091
2221471,-1117743,-67.3985,116.7095
2221473,-1117763,-67.3984,116.7098
2221476,-1117782,-67.3983,116.7102
2221479,-1117802,-67.3982,116.7106
2221481,-1117822,-67.3981,116.711
2221484,-1117842,-67.39799,116.7114
2221487,-1117862,-67.3979,116.7117
2221490,-1117881,-67.3978,116.7121
2221492,-1117901,-67.3977,116.7125
2221495,-1117921,-67.3976,116.7129
2221498,-1117941,-67.39749,116.7132
2221500,-1117960,-67.3974,116.7136
2221502,-1117980,-67.3973,116.714
2221504,-1118000,-67.3972,116.7144
2221508,-1118019,-67.3971,116.7148
2221510,-1118040,-67.397,116.7152
2221513,-1118059,-67.3969,116.7155
2221516,-1118078,-67.3968,116.7159
2221518,-1118099,-67.39671,116.7163
2221519,-1118118,-67.39661,116.7167
2221522,-1118138,-67.39651,116.717
2221525,-1118158,-67.39642,116.7174
2221528,-1118178,-67.39632,116.7178
2221530,-1118198,-67.39622,116.7182
2221532,-1118217,-67.39613,116.7186
2221534,-1118236,-67.39603,116.719
2221536,-1118257,-67.39593,116.7194
2221538,-1118276,-67.39584,116.7197
2221541,-1118296,-67.39574,116.7201
2221543,-1118316,-67.39564,116.7205
2221545,-1118336,-67.39555,116.7209
2221548,-1118356,-67.39545,116.7213
2221550,-1118375,-67.39535,116.7216
2221552,-1118395,-67.39525,116.722
2221554,-1118414,-67.39516,116.7224
2221557,-1118435,-67.39506,116.7228
2221560,-1118454,-67.39496,116.7232
2221562,-1118474,-67.39486,116.7236
2221564,-1118495,-67.39476,116.724
2221567,-1118514,-67.39467,116.7243
2221569,-1118533,-67.39457,116.7247
2221572,-1118554,-67.39447,116.7251
2221574,-1118573,-67.39438,116.7255
2221575,-1118592,-67.39428,116.7259
2221578,-1118612,-67.39418,116.7262
2221581,-1118632,-67.39408,116.7266
2221583,-1118652,-67.39398,116.727
2221585,-1118672,-67.39389,116.7274
2221588,-1118691,-67.39379,116.7278
2221591,-1118712,-67.39369,116.7281
2221592,-1118731,-67.39359,116.7285
2221595,-1118751,-67.39349,116.7289
2221598,-1118770,-67.39339,116.7293
2221599,-1118790,-67.3933,116.7297
2221603,-1118811,-67.3932,116.7301
2221605,-1118830,-67.3931,116.7304
2221607,-1118850,-67.39301,116.7308
2221610,-1118870,-67.39291,116.7312
2221612,-1118889,-67.39281,116.7316
2221615,-1118910,-67.39271,116.732
2221617,-1118929,-67.39261,116.7323
2221619,-1118949,-67.39251,116.7327
2221622,-1118969,-67.39241,116.7331
2221625,-1118988,-67.39231,116.7335
2221627,-1119008,-67.39221,116.7339
2221630,-1119028,-67.39211,116.7343
2221633,-1119048,-67.39201,116.7346
2221636,-1119068,-67.39191,116.735
2221638,-1119088,-67.39182,116.7354
2221640,-1119108,-67.39172,116.7358
2221643,-1119127,-67.39162,116.7362
2221646,-1119147,-67.39152,116.7365
2221648,-1119167,-67.39142,116.7369
2221651,-1119187,-67.39132,116.7373
2221652,-1119206,-67.39122,116.7377
2221656,-1119227,-67.39112,116.7381
2221658,-1119246,-67.39102,116.7384
2221660,-1119266,-67.39092,116.7388
2221662,-1119285,-67.39083,116.7392
2221666,-1119306,-67.39072,116.7396
2221668,-1119326,-67.39063,116.74
2221670,-1119345,-67.39053,116.7404
2221673,-1119365,-67.39043,116.7407
2221675,-1119385,-67.39034,116.7411
2221677,-1119404,-67.39024,116.7415
2221680,-1119425,-67.39014,116.7419
2221682,-1119444,-67.39005,116.7423
2221684,-1119464,-67.38995,116.7427
2221687,-1119484,-67.38985,116.743
2221690,-1119503,-67.38975,116.7434
2221692,-1119523,-67.38965,116.7438
2221694,-1119544,-67.38955,116.7442
2221697,-1119563,-67.38945,116.7446
2221699,-1119582,-67.38936,116.7449
2221702,-1119602,-67.38926,116.7453
2221704,-1119622,-67.38916,116.7457
2221706,-1119641,-67.38906,116.7461
2221709,-1119662,-67.38896,116.7465
2221711,-1119681,-67.38887,116.7468
2221714,-1119700,-67.38877,116.7472
2221716,-1119720,-67.38867,116.7476
2221718,-1119740,-67.38857,116.748
2221721,-1119760,-67.38847,116.7484
2221724,-1119780,-67.38837,116.7487
2221726,-1119799,-67.38828,116.7491
2221728,-1119819,-67.38818,116.7495
2221730,-1119838,-67.38808,116.7499
2221733,-1119858,-67.38799,116.7503
2221736,-1119878,-67.38789,116.7506
2221739,-1119897,-67.38779,116.751
2221740,-1119918,-67.38769,116.7514
2221744,-1119937,-67.38759,116.7518
2221745,-1119956,-67.3875,116.7521
2221748,-1119976,-67.3874,116.7525
2221750,-1119995,-67.3873,116.7529
2221753,-1120016,-67.3872,116.7533
2221756,-1120035,-67.3871,116.7537
2221758,-1120055,-67.387,116.754
2221762,-1120074,-67.3869,116.7544
2221764,-1120094,-67.3868,116.7548
2221766,-1120114,-67.3867,116.7552
2221769,-1120133,-67.3866,116.7555
2221772,-1120153,-67.38651,116.7559
2221774,-1120172,-67.38641,116.7563
2221777,-1120192,-67.38631,116.7567
2221778,-1120212,-67.38622,116.757
2221782,-1120231,-67.38612,116.7574
2221784,-1120250,-67.38602,116.7578
2221787,-1120270,-67.38592,116.7582
2221790,-1120290,-67.38582,116.7586
2221792,-1120309,-67.38572,116.7589
2221795,-1120329,-67.38562,116.7593
2221797,-1120348,-67.38553,116.7597
2221800,-1120368,-67.38542,116.7601
2221802,-1120387,-67.38533,116.7604
2221805,-1120407,-67.38523,116.7608
2221807,-1120427,-67.38513,116.7612
2221809,-1120446,-67.38503,116.7616
2221812,-1120466,-67.38493,116.7619
2221816,-1120486,-67.38483,116.7623
2221817,-1120504,-67.38474,116.7627
2221819,-1120525,-67.38464,116.7631
2221822,-1120544,-67.38454,116.7634
2221825,-1120564,-67.38445,116.7638
2221828,-1120583,-67.38435,116.7642
2221831,-1120603,-67.38425,116.7646
2221833,-1120623,-67.38415,116.7649
2221834,-1120642,-67.38406,116.7653
2221838,-1120662,-67.38396,116.7657
2221840,-1120682,-67.38386,116.7661
2221842,-1120700,-67.38377,116.7664
2221844,-1120721,-67.38367,116.7668
2221846,-1120739,-67.38357,116.7672
2221850,-1120759,-67.38347,116.7676
2221852,-1120779,-67.38337,116.768
2221854,-1120798,-67.38328,116.7683
2221856,-1120818,-67.38318,116.7687
2221859,-1120837,-67.38308,116.7691
2221862,-1120856,-67.38299,116.7694
2221864,-1120876,-67.38289,116.7698
2221867,-1120896,-67.38279,116.7702
2221869,-1120915,-67.38269,116.7706
2221872,-1120934,-67.3826,116.771
2221873,-1120954,-67.38251,116.7713
2221875,-1120974,-67.38241,116.7717
2221878,-1120993,-67.38231,116.7721
2221880,-1121012,-67.38222,116.7725
2221883,-1121032,-67.38212,116.7728
2221885,-1121051,-67.38203,116.7732
2221888,-1121071,-67.38193,116.7736
2221889,-1121090,-67.38184,116.774
2221893,-1121109,-67.38174,116.7743
2221895,-1121129,-67.38164,116.7747
2221897,-1121148,-67.38155,116.7751
2221899,-1121168,-67.38145,116.7755
2221902,-1121187,-67.38135,116.7758
2221904,-1121206,-67.38126,116.7762
2221907,-1121226,-67.38116,116.7766
2221908,-1121245,-67.38107,116.7769
2221911,-1121265,-67.38097,116.7773
2221914,-1121284,-67.38087,116.7777
2221915,-1121303,-67.38078,116.7781
2221918,-1121323,-67.38068,116.7785
2221922,-1121342,-67.38058,116.7788
2221922,-1121362,-67.38049,116.7792
2221926,-1121380,-67.38039,116.7796
2221928,-1121400,-67.38029,116.7799
2221930,-1121420,-67.3802,116.7803
2221933,-1121439,-67.3801,116.7807
2221935,-1121459,-67.38,116.7811
2221938,-1121478,-67.37991,116.7814
2221941,-1121498,-67.37981,116.7818
2221942,-1121517,-67.37971,116.7822
2221944,-1121536,-67.37962,116.7826
2221947,-1121556,-67.37952,116.7829
2221950,-1121575,-67.37942,116.7833
2221952,-1121594,-67.37933,116.7837
2221954,-1121614,-67.37923,116.7841
2221958,-1121634,-67.37913,116.7844
2221959,-1121652,-67.37904,116.7848
2221962,-1121673,-67.37894,116.7852
2221964,-1121692,-67.37884,116.7856
2221967,-1121712,-67.37874,116.7859
2221969,-1121731,-67.37865,116.7863
2221972,-1121750,-67.37855,116.7867
2221974,-1121770,-67.37845,116.7871
2221977,-1121789,-67.37835,116.7874
2221979,-1121809,-67.37825,116.7878
2221982,-1121829,-67.37815,116.7882
2221984,-1121848,-67.37806,116.7886
2221987,-1121867,-67.37796,116.7889
2221989,-1121887,-67.37786,116.7893
2221992,-1121906,-67.37777,116.7897
2221994,-1121926,-67.37767,116.79
2221997,-1121945,-67.37757,116.7904
2221999,-1121964,-67.37747,116.7908
2222001,-1121983,-67.37738,116.7912
2222004,-1122002,-67.37728,116.7915
2222007,-1122022,-67.37718,116.7919
2222009,-1122041,-67.37709,116.7923
2222011,-1122060,-67.37699,116.7926
2222014,-1122080,-67.37689,116.793
2222016,-1122099,-67.37679,116.7934
2222020,-1122119,-67.37669,116.7938
2222022,-1122138,-67.3766,116.7941
2222024,-1122157,-67.3765,116.7945
2222027,-1122176,-67.3764,116.7949
2222030,-1122196,-67.3763,116.7952
2222033,-1122215,-67.37621,116.7956
2222036,-1122234,-67.37611,116.796
2222039,-1122254,-67.37601,116.7963
2222041,-1122273,-67.37591,116.7967
2222043,-1122292,-67.37582,116.7971
2222046,-1122312,-67.37571,116.7974
2222049,-1122330,-67.37562,116.7978
2222052,-1122350,-67.37552,116.7982
2222054,-1122370,-67.37542,116.7985
2222057,-1122388,-67.37532,116.7989
2222061,-1122408,-67.37521,116.7993
2222064,-1122428,-67.37511,116.7996
2222066,-1122446,-67.37502,116.8
2222070,-1122466,-67.37492,116.8004
2222073,-1122484,-67.37482,116.8007
2222074,-1122504,-67.37472,116.8011
2222078,-1122523,-67.37462,116.8015
2222080,-1122542,-67.37452,116.8018
2222084,-1122562,-67.37441,116.8022
2222088,-1122581,-67.37431,116.8025
2222090,-1122600,-67.37421,116.8029
2222093,-1122619,-67.37411,116.8033
2222096,-1122638,-67.37402,116.8036
2222100,-1122658,-67.37391,116.804
2222102,-1122676,-67.37381,116.8044
2222106,-1122697,-67.3737,116.8047
2222110,-1122715,-67.3736,116.8051
2222112,-1122734,-67.3735,116.8054
2222116,-1122754,-67.3734,116.8058
2222118,-1122773,-67.3733,116.8062
2222122,-1122792,-67.3732,116.8065
2222125,-1122811,-67.37309,116.8069
2222128,-1122830,-67.37299,116.8072
2222132,-1122849,-67.37289,116.8076
2222135,-1122869,-67.37279,116.808
2222137,-1122888,-67.37269,116.8083
2222140,-1122907,-67.37259,116.8087
2222144,-1122926,-67.37248,116.8091
2222147,-1122946,-67.37238,116.8094
2222150,-1122966,-67.37228,116.8098
2222154,-1122984,-67.37218,116.8101
2222157,-1123003,-67.37207,116.8105
2222161,-1123022,-67.37197,116.8109
2222164,-1123042,-67.37186,116.8112
2222167,-1123061,-67.37177,116.8116
2222170,-1123079,-67.37167,116.8119
2222174,-1123100,-67.37156,116.8123
2222176,-1123118,-67.37146,116.8127
2222180,-1123137,-67.37135,116.813
2222184,-1123156,-67.37125,116.8134
2222188,-1123176,-67.37115,116.8137
2222190,-1123195,-67.37105,116.8141
2222194,-1123214,-67.37094,116.8144
2222197,-1123233,-67.37084,116.8148
2222200,-1123252,-67.37074,116.8152
2222203,-1123271,-67.37064,116.8155
2222207,-1123291,-67.37053,116.8159
2222210,-1123310,-67.37043,116.8162
2222213,-1123328,-67.37033,116.8166
2222217,-1123348,-67.37022,116.817
2222220,-1123367,-67.37012,116.8173
2222223,-1123386,-67.37002,116.8177
2222226,-1123405,-67.36992,116.818
2222230,-1123424,-67.36982,116.8184
2222233,-1123443,-67.36971,116.8187
2222236,-1123462,-67.36961,116.8191
2222240,-1123482,-67.36951,116.8195
2222243,-1123500,-67.36941,116.8198
2222247,-1123520,-67.3693,116.8202
2222249,-1123539,-67.3692,116.8205
2222253,-1123558,-67.3691,116.8209
2222256,-1123577,-67.369,116.8212
2222259,-1123596,-67.3689,116.8216
2222263,-1123615,-67.36879,116.822
2222266,-1123634,-67.36869,116.8223
2222269,-1123653,-67.36859,116.8227
2222272,-1123672,-67.36848,116.823
2222275,-1123691,-67.36839,116.8234
2222278,-1123710,-67.36829,116.8238
2222282,-1123730,-67.36818,116.8241
2222285,-1123748,-67.36808,116.8245
2222288,-1123766,-67.36798,116.8248
2222292,-1123786,-67.36787,116.8252
2222295,-1123806,-67.36777,116.8255
2222299,-1123825,-67.36767,116.8259
2222302,-1123843,-67.36757,116.8262
2222305,-1123862,-67.36747,116.8266
2222308,-1123882,-67.36736,116.827
2222312,-1123900,-67.36726,116.8273
2222315,-1123920,-67.36716,116.8277
2222318,-1123939,-67.36706,116.828
2222323,-1123958,-67.36695,116.8284
2222325,-1123977,-67.36685,116.8287
2222329,-1123996,-67.36674,116.8291
2222332,-1124014,-67.36665,116.8294
2222336,-1124034,-67.36654,116.8298
2222339,-1124053,-67.36644,116.8302
2222342,-1124072,-67.36633,116.8305
2222345,-1124090,-67.36623,116.8309
2222350,-1124109,-67.36613,116.8312
2222353,-1124129,-67.36603,116.8316
2222356,-1124148,-67.36592,116.8319
2222360,-1124167,-67.36582,116.8323
2222363,-1124186,-67.36572,116.8326
2222366,-1124204,-67.36562,116.833
2222370,-1124224,-67.36551,116.8334
2222374,-1124243,-67.3654,116.8337
2222377,-1124262,-67.3653,116.8341
2222381,-1124281,-67.3652,116.8344
2222384,-1124300,-67.3651,116.8348
2222386,-1124319,-67.36499,116.8351
2222391,-1124338,-67.36488,116.8355
2222395,-1124356,-67.36478,116.8358
2222398,-1124376,-67.36468,116.8362
2222402,-1124395,-67.36457,116.8365
2222406,-1124414,-67.36446,116.8369
2222410,-1124433,-67.36436,116.8372
2222413,-1124452,-67.36426,116.8376
2222417,-1124471,-67.36415,116.8379
2222420,-1124490,-67.36404,116.8383
2222424,-1124510,-67.36394,116.8387
2222428,-1124529,-67.36383,116.839
2222431,-1124547,-67.36373,116.8393
2222434,-1124567,-67.36362,116.8397
2222439,-1124585,-67.36352,116.84
2222443,-1124605,-67.36341,116.8404
2222446,-1124623,-67.3633,116.8408
2222450,-1124642,-67.3632,116.8411
2222454,-1124662,-67.36309,116.8415
2222457,-1124680,-67.36299,116.8418
2222462,-1124700,-67.36288,116.8422
2222466,-1124718,-67.36278,116.8425
2222469,-1124737,-67.36267,116.8429
2222473,-1124756,-67.36256,116.8432
2222478,-1124776,-67.36246,116.8436
2222480,-1124794,-67.36235,116.8439
2222485,-1124814,-67.36224,116.8443
2222489,-1124832,-67.36214,116.8446
2222492,-1124852,-67.36203,116.845
2222496,-1124870,-67.36192,116.8453
2222501,-1124889,-67.36182,116.8456
2222504,-1124908,-67.36171,116.846
2222507,-1124927,-67.36161,116.8464
2222512,-1124946,-67.3615,116.8467
2222515,-1124964,-67.3614,116.847
2222519,-1124984,-67.36129,116.8474
2222523,-1125003,-67.36118,116.8477
2222527,-1125022,-67.36108,116.8481
2222530,-1125041,-67.36097,116.8484
2222535,-1125059,-67.36086,116.8488
2222539,-1125078,-67.36076,116.8491
2222542,-1125098,-67.36065,116.8495
2222546,-1125116,-67.36054,116.8498
2222550,-1125136,-67.36044,116.8502
2222554,-1125154,-67.36033,116.8505
2222557,-1125173,-67.36023,116.8509
2222561,-1125192,-67.36012,116.8512
2222565,-1125211,-67.36002,116.8516
2222569,-1125229,-67.35991,116.8519
2222573,-1125248,-67.3598,116.8523
2222577,-1125268,-67.3597,116.8526
2222580,-1125286,-67.35959,116.853
2222584,-1125305,-67.35948,116.8533
2222588,-1125324,-67.35938,116.8537
2222592,-1125343,-67.35928,116.854
2222596,-1125362,-67.35917,116.8544
2222600,-1125381,-67.35906,116.8547
2222604,-1125399,-67.35896,116.855
2222608,-1125418,-67.35885,116.8554
2222612,-1125438,-67.35874,116.8558
2222615,-1125456,-67.35863,116.8561
2222620,-1125476,-67.35853,116.8564
2222624,-1125494,-67.35842,116.8568
2222627,-1125513,-67.35832,116.8571
2222630,-1125532,-67.35822,116.8575
2222634,-1125551,-67.35811,116.8578
2222638,-1125569,-67.358,116.8582
2222642,-1125588,-67.35789,116.8585
2222645,-1125607,-67.3578,116.8589
2222649,-1125626,-67.35769,116.8592
2222653,-1125645,-67.35758,116.8596
2222657,-1125664,-67.35748,116.8599
2222660,-1125683,-67.35737,116.8603
2222664,-1125701,-67.35727,116.8606
2222669,-1125721,-67.35715,116.861
2222671,-1125740,-67.35706,116.8613
2222676,-1125759,-67.35695,116.8617
2222680,-1125777,-67.35684,116.862
2222683,-1125796,-67.35674,116.8624
2222687,-1125815,-67.35663,116.8627
2222690,-1125834,-67.35653,116.8631
2222694,-1125853,-67.35642,116.8634
2222698,-1125872,-67.35632,116.8638
2222702,-1125890,-67.35621,116.8641
2222706,-1125910,-67.3561,116.8645
2222710,-1125928,-67.356,116.8648
2222713,-1125947,-67.3559,116.8651
2222717,-1125966,-67.35579,116.8655
2222722,-1125985,-67.35568,116.8658
2222725,-1126003,-67.35558,116.8662
2222729,-1126023,-67.35547,116.8665
2222734,-1126042,-67.35536,116.8669
2222737,-1126061,-67.35526,116.8672
2222740,-1126079,-67.35516,116.8676
2222744,-1126098,-67.35505,116.8679
2222748,-1126117,-67.35494,116.8683
2222752,-1126135,-67.35484,116.8686
2222756,-1126155,-67.35473,116.869
2222760,-1126174,-67.35462,116.8693
2222763,-1126192,-67.35452,116.8696
2222768,-1126211,-67.35441,116.87
2222770,-1126230,-67.35431,116.8703
2222775,-1126248,-67.3542,116.8707
2222779,-1126267,-67.3541,116.871
2222782,-1126286,-67.35399,116.8714
2222787,-1126305,-67.35388,116.8717
2222790,-1126324,-67.35378,116.8721
2222794,-1126343,-67.35367,116.8724
2222799,-1126361,-67.35356,116.8727
2222802,-1126380,-67.35346,116.8731
2222806,-1126399,-67.35335,116.8734
2222810,-1126417,-67.35325,116.8738
2222814,-1126436,-67.35314,116.8741
2222818,-1126455,-67.35303,116.8745
2222822,-1126474,-67.35293,116.8748
2222826,-1126492,-67.35282,116.8752
2222830,-1126511,-67.35271,116.8755
2222833,-1126529,-67.35262,116.8758
2222837,-1126548,-67.35251,116.8762
2222842,-1126567,-67.3524,116.8765
2222845,-1126586,-67.35229,116.8769
2222849,-1126604,-67.35219,116.8772
2222854,-1126623,-67.35208,116.8776
2222857,-1126642,-67.35197,116.8779
2222861,-1126661,-67.35187,116.8782
2222866,-1126680,-67.35176,116.8786
2222868,-1126698,-67.35166,116.8789
2222872,-1126716,-67.35155,116.8793
2222876,-1126736,-67.35145,116.8796
2222880,-1126754,-67.35134,116.88
2222884,-1126773,-67.35124,116.8803
2222888,-1126791,-67.35114,116.8806
2222892,-1126810,-67.35103,116.881
2222896,-1126829,-67.35092,116.8813
2222900,-1126848,-67.35081,116.8817
2222903,-1126865,-67.35072,116.882
2222907,-1126885,-67.35061,116.8824
2222911,-1126903,-67.3505,116.8827
2222914,-1126922,-67.3504,116.883
2222919,-1126941,-67.35029,116.8834
2222922,-1126959,-67.35019,116.8837
2222927,-1126978,-67.35007,116.8841
2222931,-1126996,-67.34998,116.8844
2222935,-1127016,-67.34987,116.8848
2222939,-1127034,-67.34976,116.8851
2222942,-1127052,-67.34966,116.8854
2222947,-1127072,-67.34955,116.8858
2222950,-1127090,-67.34945,116.8861
2222954,-1127109,-67.34934,116.8865
2222958,-1127127,-67.34924,116.8868
2222961,-1127145,-67.34914,116.8871
2222964,-1127165,-67.34903,116.8875
2222969,-1127183,-67.34892,116.8878
2222973,-1127201,-67.34882,116.8882
2222977,-1127220,-67.34871,116.8885
2222981,-1127238,-67.34861,116.8888
2222984,-1127258,-67.3485,116.8892
2222988,-1127276,-67.3484,116.8895
2222993,-1127295,-67.34829,116.8899
2222997,-1127314,-67.34818,116.8902
2223000,-1127332,-67.34808,116.8906
2223004,-1127351,-67.34798,116.8909
2223008,-1127369,-67.34787,116.8912
2223011,-1127387,-67.34777,116.8916
2223016,-1127406,-67.34766,116.8919
2223019,-1127425,-67.34756,116.8923
2223023,-1127443,-67.34745,116.8926
2223028,-1127462,-67.34734,116.8929
2223031,-1127480,-67.34724,116.8933
2223035,-1127499,-67.34714,116.8936
2223038,-1127518,-67.34703,116.894
2223043,-1127537,-67.34692,116.8943
2223046,-1127555,-67.34682,116.8947
2223050,-1127574,-67.34672,116.895
2223054,-1127592,-67.34661,116.8953
2223058,-1127611,-67.3465,116.8957
2223061,-1127629,-67.34641,116.896
2223066,-1127648,-67.3463,116.8964
2223069,-1127667,-67.34619,116.8967
2223072,-1127685,-67.34609,116.8971
2223076,-1127704,-67.34599,116.8974
2223079,-1127722,-67.34589,116.8977
2223084,-1127741,-67.34578,116.8981
2223088,-1127760,-67.34567,116.8984
2223091,-1127778,-67.34557,116.8988
2223095,-1127797,-67.34547,116.8991
2223098,-1127815,-67.34537,116.8995
2223102,-1127834,-67.34526,116.8998
2223106,-1127852,-67.34516,116.9001
2223110,-1127872,-67.34505,116.9005
2223112,-1127890,-67.34496,116.9008
2223116,-1127908,-67.34486,116.9012
2223120,-1127928,-67.34475,116.9015
2223123,-1127946,-67.34465,116.9019
2223126,-1127964,-67.34455,116.9022
2223129,-1127983,-67.34444,116.9026
2223133,-1128002,-67.34435,116.9029
2223136,-1128021,-67.34425,116.9033
2223140,-1128039,-67.34415,116.9036
2223143,-1128057,-67.34405,116.9039
2223146,-1128076,-67.34394,116.9043
2223150,-1128095,-67.34384,116.9046
2223153,-1128114,-67.34374,116.905
2223156,-1128132,-67.34364,116.9053
2223159,-1128151,-67.34354,116.9057
2223162,-1128170,-67.34344,116.906
2223165,-1128188,-67.34335,116.9064
2223168,-1128207,-67.34325,116.9067
2223170,-1128225,-67.34315,116.9071
2223174,-1128243,-67.34306,116.9074
2223177,-1128262,-67.34296,116.9078
2223180,-1128281,-67.34286,116.9081
2223183,-1128300,-67.34276,116.9085
2223186,-1128318,-67.34266,116.9089
2223188,-1128336,-67.34257,116.9092
2223191,-1128355,-67.34247,116.9096
2223194,-1128374,-67.34237,116.9099
2223196,-1128392,-67.34228,116.9103
2223200,-1128411,-67.34218,116.9106
2223202,-1128430,-67.34208,116.911
2223206,-1128449,-67.34198,116.9113
2223208,-1128467,-67.34189,116.9117
2223210,-1128485,-67.3418,116.912
2223213,-1128504,-67.3417,116.9124
2223216,-1128523,-67.3416,116.9127
2223218,-1128542,-67.34151,116.9131
2223222,-1128561,-67.34141,116.9134
2223223,-1128579,-67.34132,116.9138
2223226,-1128598,-67.34122,116.9142
2223229,-1128616,-67.34113,116.9145
2223232,-1128635,-67.34103,116.9149
2223234,-1128654,-67.34093,116.9152
2223236,-1128672,-67.34084,116.9156
2223238,-1128691,-67.34074,116.9159
2223241,-1128709,-67.34065,116.9163
2223243,-1128728,-67.34056,116.9166
2223246,-1128746,-67.34047,116.917
2223248,-1128764,-67.34038,116.9174
2223251,-1128784,-67.34028,116.9177
2223253,-1128802,-67.34019,116.9181
2223256,-1128821,-67.3401,116.9184
2223257,-1128840,-67.34,116.9188
2223259,-1128858,-67.33991,116.9191
2223262,-1128877,-67.33981,116.9195
2223264,-1128896,-67.33972,116.9199
2223267,-1128914,-67.33963,116.9202
2223268,-1128933,-67.33954,116.9206
2223270,-1128951,-67.33945,116.9209
2223273,-1128970,-67.33936,116.9213
2223275,-1128989,-67.33926,116.9217
2223277,-1129008,-67.33917,116.922
2223279,-1129026,-67.33908,116.9224
2223281,-1129044,-67.33899,116.9227
2223284,-1129063,-67.3389,116.9231
2223286,-1129082,-67.33881,116.9235
2223288,-1129100,-67.33871,116.9238
2223290,-1129119,-67.33862,116.9242
2223292,-1129138,-67.33853,116.9245
2223294,-1129156,-67.33845,116.9249
2223296,-1129175,-67.33836,116.9253
2223298,-1129193,-67.33826,116.9256
2223300,-1129212,-67.33817,116.926
2223302,-1129231,-67.33808,116.9263
2223304,-1129249,-67.33799,116.9267
2223306,-1129268,-67.3379,116.9271
2223307,-1129286,-67.33781,116.9274
2223310,-1129305,-67.33772,116.9278
2223312,-1129324,-67.33763,116.9281
2223314,-1129342,-67.33754,116.9285
2223316,-1129361,-67.33745,116.9289
2223318,-1129380,-67.33736,116.9292
2223320,-1129399,-67.33727,116.9296
2223322,-1129417,-67.33717,116.9299
2223324,-1129435,-67.33709,116.9303
2223326,-1129454,-67.337,116.9307
2223328,-1129472,-67.33691,116.931
2223330,-1129492,-67.33681,116.9314
2223332,-1129510,-67.33672,116.9317
2223333,-1129528,-67.33664,116.9321
2223336,-1129546,-67.33655,116.9325
2223337,-1129565,-67.33646,116.9328
2223340,-1129584,-67.33636,116.9332
2223342,-1129603,-67.33627,116.9335
2223344,-1129622,-67.33618,116.9339
2223346,-1129640,-67.33609,116.9343
2223348,-1129659,-67.336,116.9346
2223350,-1129677,-67.33591,116.935
2223351,-1129696,-67.33582,116.9354
2223353,-1129714,-67.33573,116.9357
2223356,-1129734,-67.33564,116.9361
2223358,-1129752,-67.33555,116.9364
2223360,-1129771,-67.33546,116.9368
2223362,-1129790,-67.33537,116.9372
2223363,-1129808,-67.33528,116.9375
2223365,-1129827,-67.33519,116.9379
2223367,-1129846,-67.3351,116.9383
2223368,-1129864,-67.33501,116.9386
2223371,-1129883,-67.33492,116.939
2223372,-1129901,-67.33483,116.9393
2223374,-1129920,-67.33474,116.9397
2223376,-1129940,-67.33465,116.9401
2223378,-1129958,-67.33456,116.9404
2223380,-1129978,-67.33447,116.9408
2223382,-1129996,-67.33437,116.9412
2223385,-1130014,-67.33428,116.9415
2223386,-1130033,-67.33419,116.9419
2223388,-1130052,-67.3341,116.9423
2223391,-1130071,-67.33401,116.9426
2223392,-1130090,-67.33392,116.943
2223394,-1130108,-67.33383,116.9433
2223397,-1130127,-67.33373,116.9437
2223398,-1130146,-67.33365,116.9441
2223401,-1130165,-67.33355,116.9445
2223402,-1130183,-67.33347,116.9448
2223404,-1130202,-67.33337,116.9452
2223406,-1130221,-67.33328,116.9455
2223408,-1130240,-67.33319,116.9459
2223410,-1130259,-67.3331,116.9463
2223412,-1130278,-67.33301,116.9466
2223414,-1130297,-67.33292,116.947
2223416,-1130315,-67.33282,116.9474
2223419,-1130334,-67.33273,116.9477
2223420,-1130352,-67.33264,116.9481
2223422,-1130372,-67.33255,116.9485
2223424,-1130391,-67.33246,116.9488
2223426,-1130410,-67.33237,116.9492
2223428,-1130429,-67.33228,116.9496
2223430,-1130447,-67.33218,116.9499
2223432,-1130466,-67.33209,116.9503
2223434,-1130484,-67.332,116.9506
2223436,-1130504,-67.33191,116.951
2223438,-1130523,-67.33182,116.9514
2223440,-1130542,-67.33173,116.9517
2223442,-1130561,-67.33163,116.9521
2223444,-1130580,-67.33154,116.9525
2223446,-1130599,-67.33145,116.9529
2223448,-1130617,-67.33136,116.9532
2223450,-1130636,-67.33127,116.9536
2223452,-1130655,-67.33118,116.9539
2223454,-1130674,-67.33109,116.9543
2223456,-1130693,-67.33099,116.9547
2223459,-1130712,-67.3309,116.955
2223460,-1130730,-67.33081,116.9554
2223462,-1130749,-67.33072,116.9558
2223464,-1130768,-67.33063,116.9561
2223466,-1130787,-67.33054,116.9565
2223468,-1130806,-67.33044,116.9569
2223470,-1130824,-67.33035,116.9572
2223472,-1130843,-67.33026,116.9576
2223474,-1130862,-67.33017,116.9579
2223476,-1130881,-67.33008,116.9583
2223478,-1130900,-67.32999,116.9587
2223480,-1130918,-67.3299,116.959
2223482,-1130937,-67.3298,116.9594
2223485,-1130956,-67.32971,116.9598
2223486,-1130975,-67.32962,116.9601
2223488,-1130993,-67.32953,116.9605
2223491,-1131012,-67.32944,116.9608
2223492,-1131031,-67.32935,116.9612
2223495,-1131050,-67.32925,116.9616
2223497,-1131068,-67.32916,116.9619
2223500,-1131088,-67.32906,116.9623
2223502,-1131106,-67.32897,116.9627
2223504,-1131125,-67.32888,116.963
2223506,-1131144,-67.32879,116.9634
2223508,-1131162,-67.3287,116.9637
2223510,-1131181,-67.32861,116.9641
2223512,-1131199,-67.32851,116.9645
2223514,-1131218,-67.32842,116.9648
2223516,-1131237,-67.32833,116.9652
2223518,-1131255,-67.32824,116.9655
2223521,-1131275,-67.32814,116.9659
2223523,-1131294,-67.32805,116.9663
2223526,-1131312,-67.32796,116.9666
2223528,-1131331,-67.32787,116.967
2223530,-1131350,-67.32777,116.9674
2223532,-1131369,-67.32768,116.9677
2223534,-1131387,-67.32759,116.9681
2223536,-1131406,-67.3275,116.9684
2223538,-1131425,-67.3274,116.9688
2223540,-1131443,-67.32731,116.9692
2223542,-1131462,-67.32722,116.9695
2223545,-1131480,-67.32713,116.9699
2223547,-1131500,-67.32703,116.9702
2223550,-1131519,-67.32693,116.9706
2223552,-1131537,-67.32684,116.971
2223554,-1131556,-67.32675,116.9713
2223556,-1131575,-67.32666,116.9717
2223558,-1131593,-67.32657,116.972
2223560,-1131612,-67.32648,116.9724
2223562,-1131630,-67.32639,116.9728
2223564,-1131649,-67.32629,116.9731
2223568,-1131669,-67.32619,116.9735
2223570,-1131687,-67.3261,116.9738
2223571,-1131706,-67.32601,116.9742
2223574,-1131724,-67.32592,116.9746
2223576,-1131743,-67.32583,116.9749
2223578,-1131762,-67.32573,116.9753
2223580,-1131781,-67.32564,116.9757
2223582,-1131800,-67.32555,116.976
2223585,-1131818,-67.32545,116.9764
2223586,-1131837,-67.32536,116.9767
2223589,-1131857,-67.32526,116.9771
2223591,-1131875,-67.32517,116.9775
2223594,-1131894,-67.32508,116.9778
2223596,-1131912,-67.32499,116.9782
2223598,-1131931,-67.3249,116.9785
2223601,-1131950,-67.3248,116.9789
2223602,-1131968,-67.32471,116.9793
2223605,-1131988,-67.32462,116.9796
2223606,-1132006,-67.32452,116.98
2223609,-1132025,-67.32443,116.9803
2223612,-1132044,-67.32433,116.9807
2223614,-1132063,-67.32424,116.9811
2223616,-1132081,-67.32415,116.9814
2223618,-1132100,-67.32405,116.9818
2223621,-1132119,-67.32396,116.9822
2223622,-1132138,-67.32387,116.9825
2223625,-1132157,-67.32378,116.9829
2223627,-1132175,-67.32368,116.9832
2223630,-1132194,-67.32359,116.9836
2223632,-1132213,-67.32349,116.984
NaN,NaN,NaN,NaN
NaN,NaN,NaN,NaN
NaN,NaN,NaN,NaN
NaN,NaN,NaN,NaN
NaN,NaN,NaN,NaN
NaN,NaN,NaN,NaN
NaN,NaN,NaN,NaN
NaN,NaN,NaN,NaN
