2355308,-1006081,-66.7401,113.13
2355293,-1006095,-66.74018,113.1304
2355278,-1006108,-66.74026,113.1308
2355263,-1006122,-66.74033,113.1312
2355248,-1006136,-66.7404,113.1316
2355232,-1006149,-66.74048,113.1321
2355218,-1006164,-66.74055,113.1325
2355202,-1006177,-66.74063,113.1329
2355187,-1006190,-66.74071,113.1333
2355172,-1006204,-66.74078,113.1337
2355157,-1006218,-66.74086,113.1341
2355142,-1006232,-66.74094,113.1345
2355126,-1006245,-66.74101,113.135
2355112,-1006259,-66.74109,113.1354
2355097,-1006273,-66.74116,113.1358
2355081,-1006287,-66.74123,113.1362
2355066,-1006300,-66.74131,113.1366
2355050,-1006314,-66.74139,113.137
2355036,-1006328,-66.74146,113.1374
2355020,-1006341,-66.74154,113.1379
2355005,-1006355,-66.74162,113.1383
2354990,-1006369,-66.74169,113.1387
2354975,-1006382,-66.74177,113.1391
2354961,-1006396,-66.74184,113.1395
2354946,-1006410,-66.74191,113.1399
2354930,-1006423,-66.74199,113.1403
2354915,-1006437,-66.74207,113.1408
2354900,-1006450,-66.74214,113.1412
2354885,-1006464,-66.74222,113.1416
2354868,-1006478,-66.74229,113.142
2354854,-1006492,-66.74237,113.1424
2354839,-1006505,-66.74245,113.1428
2354823,-1006519,-66.74252,113.1432
2354808,-1006533,-66.7426,113.1437
2354794,-1006546,-66.74267,113.1441
2354779,-1006560,-66.74274,113.1445
2354764,-1006574,-66.74282,113.1449
2354748,-1006587,-66.7429,113.1453
2354734,-1006601,-66.74297,113.1457
2354718,-1006614,-66.74305,113.1461
2354702,-1006628,-66.74313,113.1466
2354688,-1006642,-66.7432,113.147
2354672,-1006655,-66.74328,113.1474
2354658,-1006670,-66.74335,113.1478
2354643,-1006684,-66.74342,113.1482
2354627,-1006697,-66.7435,113.1486
2354612,-1006711,-66.74358,113.149
2354597,-1006724,-66.74365,113.1495
2354582,-1006738,-66.74373,113.1499
2354566,-1006751,-66.7438,113.1503
2354552,-1006765,-66.74388,113.1507
2354536,-1006778,-66.74396,113.1511
2354522,-1006793,-66.74403,113.1515
2354506,-1006806,-66.7441,113.1519
2354492,-1006820,-66.74418,113.1524
2354476,-1006834,-66.74426,113.1528
2354461,-1006847,-66.74433,113.1532
2354446,-1006860,-66.74441,113.1536
2354431,-1006875,-66.74448,113.154
2354416,-1006889,-66.74455,113.1544
2354401,-1006902,-66.74463,113.1549
2354386,-1006916,-66.74471,113.1553
2354370,-1006929,-66.74478,113.1557
2354356,-1006943,-66.74486,113.1561
2354340,-1006957,-66.74493,113.1565
2354325,-1006970,-66.745,113.1569
2354310,-1006984,-66.74508,113.1573
2354295,-1006998,-66.74516,113.1578
2354280,-1007012,-66.74523,113.1582
2354265,-1007025,-66.74531,113.1586
2354249,-1007039,-66.74538,113.159
2354234,-1007053,-66.74545,113.1594
2354220,-1007067,-66.74553,113.1598
2354204,-1007080,-66.74561,113.1602
2354189,-1007094,-66.74568,113.1607
2354174,-1007107,-66.74576,113.1611
2354160,-1007122,-66.74583,113.1615
2354144,-1007135,-66.7459,113.1619
2354129,-1007149,-66.74598,113.1623
2354114,-1007162,-66.74606,113.1627
2354099,-1007176,-66.74613,113.1631
2354085,-1007190,-66.7462,113.1636
2354069,-1007204,-66.74628,113.164
2354054,-1007218,-66.74635,113.1644
2354038,-1007231,-66.74643,113.1648
2354023,-1007244,-66.74651,113.1652
2354008,-1007258,-66.74658,113.1656
2353994,-1007272,-66.74665,113.1661
2353979,-1007286,-66.74673,113.1665
2353964,-1007300,-66.7468,113.1669
2353948,-1007313,-66.74688,113.1673
2353933,-1007327,-66.74695,113.1677
2353919,-1007341,-66.74702,113.1681
2353903,-1007354,-66.7471,113.1685
2353888,-1007368,-66.74718,113.169
2353872,-1007382,-66.74725,113.1694
2353858,-1007395,-66.74732,113.1698
2353844,-1007410,-66.7474,113.1702
2353828,-1007423,-66.74747,113.1706
2353812,-1007437,-66.74755,113.171
2353798,-1007451,-66.74762,113.1714
2353783,-1007465,-66.7477,113.1719
2353768,-1007478,-66.74777,113.1723
2353753,-1007492,-66.74785,113.1727
2353738,-1007506,-66.74792,113.1731
2353722,-1007520,-66.74799,113.1735
2353708,-1007533,-66.74807,113.1739
2353692,-1007547,-66.74815,113.1744
2353678,-1007561,-66.74821,113.1748
2353662,-1007574,-66.74829,113.1752
2353648,-1007589,-66.74837,113.1756
2353632,-1007602,-66.74844,113.176
2353618,-1007616,-66.74852,113.1764
2353603,-1007630,-66.74859,113.1768
2353587,-1007643,-66.74866,113.1773
2353572,-1007657,-66.74874,113.1777
2353556,-1007671,-66.74882,113.1781
2353542,-1007685,-66.74889,113.1785
2353527,-1007699,-66.74896,113.1789
2353512,-1007712,-66.74904,113.1793
2353496,-1007726,-66.74911,113.1798
2353481,-1007740,-66.74919,113.1802
2353467,-1007754,-66.74926,113.1806
2353452,-1007767,-66.74934,113.181
2353437,-1007781,-66.74941,113.1814
2353421,-1007794,-66.74949,113.1818
2353406,-1007808,-66.74956,113.1823
2353392,-1007822,-66.74963,113.1827
2353376,-1007836,-66.74971,113.1831
2353361,-1007850,-66.74979,113.1835
2353346,-1007864,-66.74986,113.1839
2353332,-1007877,-66.74993,113.1843
2353316,-1007891,-66.75001,113.1847
2353301,-1007905,-66.75008,113.1852
2353285,-1007918,-66.75016,113.1856
2353271,-1007932,-66.75023,113.186
2353256,-1007946,-66.75031,113.1864
2353240,-1007959,-66.75038,113.1868
2353226,-1007973,-66.75046,113.1872
2353211,-1007988,-66.75053,113.1877
2353196,-1008001,-66.7506,113.1881
2353180,-1008014,-66.75068,113.1885
2353165,-1008028,-66.75076,113.1889
2353150,-1008042,-66.75083,113.1893
2353136,-1008056,-66.7509,113.1897
2353121,-1008070,-66.75098,113.1901
2353105,-1008083,-66.75105,113.1906
2353090,-1008097,-66.75113,113.191
2353074,-1008111,-66.75121,113.1914
2353060,-1008125,-66.75127,113.1918
2353045,-1008138,-66.75135,113.1922
2353030,-1008152,-66.75143,113.1926
2353014,-1008166,-66.7515,113.1931
2353000,-1008180,-66.75157,113.1935
2352986,-1008194,-66.75165,113.1939
2352969,-1008207,-66.75172,113.1943
2352954,-1008221,-66.7518,113.1947
2352939,-1008234,-66.75188,113.1951
2352924,-1008248,-66.75195,113.1955
2352910,-1008263,-66.75202,113.196
2352894,-1008276,-66.7521,113.1964
2352879,-1008289,-66.75217,113.1968
2352863,-1008303,-66.75225,113.1972
2352849,-1008318,-66.75232,113.1976
2352834,-1008331,-66.7524,113.1981
2352818,-1008345,-66.75247,113.1985
2352803,-1008358,-66.75255,113.1989
2352788,-1008372,-66.75262,113.1993
2352774,-1008386,-66.75269,113.1997
2352758,-1008400,-66.75277,113.2001
2352743,-1008413,-66.75285,113.2005
2352728,-1008427,-66.75292,113.201
2352713,-1008441,-66.753,113.2014
2352698,-1008455,-66.75307,113.2018
2352683,-1008469,-66.75314,113.2022
2352668,-1008482,-66.75322,113.2026
2352652,-1008496,-66.7533,113.203
2352637,-1008510,-66.75337,113.2035
2352622,-1008524,-66.75344,113.2039
2352608,-1008538,-66.75352,113.2043
2352592,-1008551,-66.75359,113.2047
2352577,-1008565,-66.75367,113.2051
2352561,-1008578,-66.75375,113.2055
2352546,-1008592,-66.75382,113.206
2352532,-1008606,-66.75389,113.2064
2352517,-1008620,-66.75397,113.2068
2352501,-1008634,-66.75404,113.2072
2352486,-1008648,-66.75412,113.2076
2352471,-1008661,-66.7542,113.208
2352456,-1008675,-66.75427,113.2085
2352441,-1008689,-66.75434,113.2089
2352426,-1008702,-66.75442,113.2093
2352411,-1008716,-66.75449,113.2097
2352395,-1008730,-66.75457,113.2101
2352380,-1008744,-66.75465,113.2105
2352364,-1008757,-66.75472,113.211
2352351,-1008771,-66.75479,113.2114
2352335,-1008785,-66.75487,113.2118
2352320,-1008799,-66.75494,113.2122
2352304,-1008812,-66.75502,113.2126
2352290,-1008826,-66.7551,113.213
2352274,-1008840,-66.75517,113.2135
2352260,-1008854,-66.75524,113.2139
2352244,-1008867,-66.75532,113.2143
2352229,-1008881,-66.75539,113.2147
2352214,-1008895,-66.75547,113.2151
2352199,-1008909,-66.75555,113.2155
2352183,-1008922,-66.75562,113.216
2352168,-1008936,-66.75569,113.2164
2352154,-1008950,-66.75577,113.2168
2352138,-1008964,-66.75584,113.2172
2352123,-1008978,-66.75592,113.2176
2352107,-1008991,-66.756,113.218
2352092,-1009005,-66.75607,113.2185
2352077,-1009019,-66.75614,113.2189
2352063,-1009033,-66.75622,113.2193
2352047,-1009047,-66.75629,113.2197
2352032,-1009060,-66.75637,113.2201
2352017,-1009074,-66.75645,113.2205
2352002,-1009088,-66.75652,113.221
2351986,-1009101,-66.7566,113.2214
2351972,-1009115,-66.75667,113.2218
2351956,-1009129,-66.75674,113.2222
2351941,-1009142,-66.75682,113.2226
2351926,-1009157,-66.7569,113.223
2351911,-1009170,-66.75697,113.2235
2351896,-1009185,-66.75704,113.2239
2351880,-1009198,-66.75712,113.2243
2351866,-1009212,-66.75719,113.2247
2351850,-1009226,-66.75727,113.2251
2351835,-1009239,-66.75735,113.2255
2351820,-1009253,-66.75742,113.226
2351805,-1009267,-66.7575,113.2264
2351790,-1009281,-66.75757,113.2268
2351775,-1009294,-66.75764,113.2272
2351760,-1009308,-66.75772,113.2276
2351744,-1009322,-66.7578,113.2281
2351729,-1009336,-66.75787,113.2285
2351715,-1009349,-66.75794,113.2289
2351700,-1009363,-66.75802,113.2293
2351684,-1009377,-66.75809,113.2297
2351669,-1009391,-66.75817,113.2301
2351654,-1009404,-66.75825,113.2305
2351638,-1009418,-66.75832,113.231
2351623,-1009432,-66.7584,113.2314
2351608,-1009446,-66.75847,113.2318
2351594,-1009459,-66.75854,113.2322
2351578,-1009473,-66.75862,113.2326
2351562,-1009487,-66.7587,113.233
2351547,-1009501,-66.75877,113.2335
2351533,-1009514,-66.75884,113.2339
2351518,-1009529,-66.75892,113.2343
2351502,-1009542,-66.759,113.2347
2351487,-1009556,-66.75907,113.2351
2351472,-1009570,-66.75915,113.2355
2351456,-1009583,-66.75922,113.236
2351441,-1009597,-66.7593,113.2364
2351427,-1009611,-66.75937,113.2368
2351412,-1009625,-66.75945,113.2372
2351396,-1009639,-66.75952,113.2376
2351382,-1009652,-66.7596,113.2381
2351365,-1009666,-66.75967,113.2385
2351350,-1009680,-66.75975,113.2389
2351336,-1009694,-66.75982,113.2393
2351321,-1009708,-66.7599,113.2397
2351306,-1009721,-66.75997,113.2401
2351290,-1009735,-66.76005,113.2406
2351275,-1009749,-66.76012,113.241
2351260,-1009762,-66.7602,113.2414
2351245,-1009776,-66.76027,113.2418
2351230,-1009790,-66.76035,113.2422
2351214,-1009804,-66.76042,113.2426
2351200,-1009817,-66.7605,113.2431
2351184,-1009831,-66.76057,113.2435
2351168,-1009845,-66.76065,113.2439
2351154,-1009859,-66.76072,113.2443
2351139,-1009873,-66.7608,113.2447
2351124,-1009886,-66.76087,113.2451
2351108,-1009900,-66.76095,113.2456
2351092,-1009914,-66.76102,113.246
2351078,-1009928,-66.76109,113.2464
2351063,-1009942,-66.76117,113.2468
2351048,-1009956,-66.76125,113.2472
2351033,-1009969,-66.76132,113.2477
2351018,-1009983,-66.7614,113.2481
2351002,-1009996,-66.76147,113.2485
2350987,-1010010,-66.76154,113.2489
2350973,-1010024,-66.76162,113.2493
2350957,-1010038,-66.7617,113.2497
2350942,-1010052,-66.76177,113.2502
2350926,-1010066,-66.76185,113.2506
2350912,-1010080,-66.76192,113.251
2350897,-1010093,-66.76199,113.2514
2350882,-1010107,-66.76207,113.2518
2350866,-1010121,-66.76215,113.2522
2350851,-1010135,-66.76222,113.2527
2350836,-1010148,-66.76229,113.2531
2350821,-1010162,-66.76237,113.2535
2350806,-1010176,-66.76244,113.2539
2350790,-1010189,-66.76252,113.2543
2350776,-1010203,-66.76259,113.2547
2350760,-1010218,-66.76266,113.2552
2350745,-1010231,-66.76274,113.2556
2350730,-1010245,-66.76282,113.256
2350715,-1010259,-66.76289,113.2564
2350700,-1010273,-66.76297,113.2568
2350684,-1010286,-66.76304,113.2573
2350670,-1010301,-66.76311,113.2577
2350654,-1010314,-66.76319,113.2581
2350639,-1010328,-66.76327,113.2585
2350624,-1010342,-66.76334,113.2589
2350609,-1010356,-66.76341,113.2593
2350594,-1010369,-66.76349,113.2598
2350579,-1010383,-66.76357,113.2602
2350564,-1010397,-66.76363,113.2606
2350549,-1010411,-66.76371,113.261
2350534,-1010425,-66.76379,113.2614
2350518,-1010438,-66.76386,113.2619
2350503,-1010452,-66.76394,113.2623
2350489,-1010466,-66.76401,113.2627
2350473,-1010480,-66.76408,113.2631
2350458,-1010494,-66.76416,113.2635
2350442,-1010507,-66.76424,113.2639
2350428,-1010521,-66.76431,113.2644
2350413,-1010535,-66.76438,113.2648
2350398,-1010549,-66.76446,113.2652
2350382,-1010563,-66.76453,113.2656
2350367,-1010577,-66.7646,113.266
2350353,-1010591,-66.76468,113.2664
2350337,-1010604,-66.76476,113.2669
2350322,-1010618,-66.76483,113.2673
2350306,-1010631,-66.76491,113.2677
2350292,-1010646,-66.76498,113.2681
2350277,-1010660,-66.76505,113.2685
2350262,-1010673,-66.76513,113.269
2350246,-1010687,-66.76521,113.2694
2350231,-1010701,-66.76528,113.2698
2350217,-1010715,-66.76535,113.2702
2350201,-1010728,-66.76543,113.2706
2350186,-1010743,-66.7655,113.271
2350170,-1010756,-66.76558,113.2715
2350156,-1010770,-66.76566,113.2719
2350141,-1010784,-66.76572,113.2723
2350125,-1010797,-66.7658,113.2727
2350110,-1010811,-66.76588,113.2731
2350095,-1010825,-66.76595,113.2735
2350080,-1010839,-66.76603,113.274
2350064,-1010852,-66.76611,113.2744
2350049,-1010866,-66.76618,113.2748
2350034,-1010880,-66.76625,113.2752
2350019,-1010894,-66.76633,113.2756
2350004,-1010907,-66.7664,113.2761
2349989,-1010922,-66.76648,113.2765
2349973,-1010935,-66.76656,113.2769
2349959,-1010948,-66.76663,113.2773
2349942,-1010962,-66.76671,113.2777
2349928,-1010976,-66.76678,113.2781
2349913,-1010990,-66.76685,113.2786
2349898,-1011004,-66.76693,113.279
2349883,-1011017,-66.76701,113.2794
2349867,-1011031,-66.76708,113.2798
2349852,-1011045,-66.76716,113.2802
2349837,-1011059,-66.76723,113.2806
2349821,-1011072,-66.76731,113.2811
2349807,-1011086,-66.76738,113.2815
2349792,-1011100,-66.76746,113.2819
2349776,-1011114,-66.76753,113.2823
2349762,-1011127,-66.76761,113.2827
2349746,-1011141,-66.76768,113.2831
2349730,-1011154,-66.76776,113.2836
2349715,-1011168,-66.76784,113.284
2349700,-1011182,-66.76791,113.2844
2349685,-1011196,-66.76799,113.2848
2349670,-1011210,-66.76806,113.2852
2349654,-1011223,-66.76814,113.2856
2349639,-1011237,-66.76821,113.2861
2349624,-1011251,-66.76829,113.2865
2349609,-1011264,-66.76836,113.2869
2349594,-1011278,-66.76844,113.2873
2349578,-1011292,-66.76852,113.2877
2349564,-1011305,-66.76859,113.2881
2349548,-1011319,-66.76867,113.2886
2349532,-1011333,-66.76875,113.289
2349517,-1011347,-66.76882,113.2894
2349503,-1011360,-66.76889,113.2898
2349488,-1011374,-66.76897,113.2902
2349472,-1011388,-66.76904,113.2906
2349457,-1011402,-66.76912,113.2911
2349442,-1011415,-66.7692,113.2915
2349426,-1011429,-66.76927,113.2919
2349411,-1011443,-66.76935,113.2923
2349396,-1011456,-66.76942,113.2927
2349381,-1011470,-66.7695,113.2931
2349365,-1011484,-66.76958,113.2936
2349350,-1011498,-66.76965,113.294
2349335,-1011511,-66.76972,113.2944
2349320,-1011525,-66.7698,113.2948
2349305,-1011539,-66.76987,113.2952
2349289,-1011552,-66.76995,113.2956
2349275,-1011566,-66.77003,113.2961
2349259,-1011580,-66.7701,113.2965
2349244,-1011593,-66.77018,113.2969
2349228,-1011607,-66.77026,113.2973
2349214,-1011621,-66.77032,113.2977
2349199,-1011635,-66.7704,113.2981
2349184,-1011649,-66.77048,113.2986
2349168,-1011662,-66.77055,113.299
2349154,-1011676,-66.77063,113.2994
2349138,-1011690,-66.77071,113.2998
2349122,-1011703,-66.77078,113.3002
2349107,-1011717,-66.77086,113.3007
2349092,-1011731,-66.77093,113.3011
2349078,-1011745,-66.771,113.3015
2349062,-1011758,-66.77108,113.3019
2349047,-1011772,-66.77116,113.3023
2349032,-1011786,-66.77123,113.3027
2349016,-1011799,-66.77131,113.3032
2349001,-1011813,-66.77139,113.3036
2348986,-1011827,-66.77145,113.304
2348970,-1011841,-66.77153,113.3044
2348956,-1011855,-66.77161,113.3048
2348940,-1011868,-66.77168,113.3052
2348925,-1011882,-66.77176,113.3057
2348910,-1011896,-66.77184,113.3061
2348895,-1011910,-66.77191,113.3065
2348880,-1011923,-66.77198,113.3069
2348865,-1011937,-66.77206,113.3073
2348850,-1011951,-66.77213,113.3077
2348834,-1011965,-66.77221,113.3082
2348819,-1011978,-66.77229,113.3086
2348804,-1011992,-66.77235,113.309
2348789,-1012006,-66.77243,113.3094
2348773,-1012020,-66.77251,113.3098
2348758,-1012033,-66.77258,113.3102
2348743,-1012047,-66.77266,113.3107
2348728,-1012061,-66.77273,113.3111
2348714,-1012075,-66.7728,113.3115
2348698,-1012088,-66.77288,113.3119
2348682,-1012102,-66.77296,113.3123
2348668,-1012116,-66.77303,113.3128
2348654,-1012130,-66.7731,113.3132
2348638,-1012144,-66.77318,113.3136
2348622,-1012157,-66.77325,113.314
2348606,-1012171,-66.77333,113.3144
2348593,-1012185,-66.7734,113.3148
2348578,-1012199,-66.77348,113.3153
2348562,-1012212,-66.77355,113.3157
2348546,-1012226,-66.77363,113.3161
2348532,-1012240,-66.7737,113.3165
2348517,-1012254,-66.77377,113.3169
2348502,-1012268,-66.77385,113.3174
2348486,-1012282,-66.77393,113.3178
2348472,-1012296,-66.77399,113.3182
2348456,-1012309,-66.77407,113.3186
2348441,-1012323,-66.77415,113.319
2348426,-1012337,-66.77422,113.3195
2348411,-1012351,-66.77429,113.3199
2348396,-1012365,-66.77437,113.3203
2348381,-1012378,-66.77444,113.3207
2348365,-1012392,-66.77452,113.3211
2348350,-1012406,-66.77459,113.3215
2348336,-1012420,-66.77467,113.322
2348320,-1012434,-66.77474,113.3224
2348305,-1012448,-66.77482,113.3228
2348290,-1012462,-66.77489,113.3232
2348275,-1012475,-66.77496,113.3236
2348260,-1012490,-66.77504,113.3241
2348245,-1012503,-66.77512,113.3245
2348229,-1012516,-66.77519,113.3249
2348214,-1012531,-66.77526,113.3253
2348198,-1012545,-66.77534,113.3257
2348184,-1012558,-66.77541,113.3261
2348169,-1012572,-66.77549,113.3266
2348154,-1012586,-66.77556,113.327
2348138,-1012600,-66.77563,113.3274
2348123,-1012614,-66.77571,113.3278
2348108,-1012628,-66.77579,113.3282
2348092,-1012642,-66.77586,113.3287
2348078,-1012655,-66.77593,113.3291
2348063,-1012670,-66.77601,113.3295
2348047,-1012683,-66.77608,113.3299
2348032,-1012697,-66.77616,113.3304
2348018,-1012712,-66.77623,113.3308
2348002,-1012725,-66.77631,113.3312
2347986,-1012739,-66.77638,113.3316
2347971,-1012753,-66.77646,113.332
2347956,-1012767,-66.77654,113.3325
2347942,-1012781,-66.7766,113.3329
2347926,-1012794,-66.77668,113.3333
2347910,-1012808,-66.77676,113.3337
2347895,-1012822,-66.77683,113.3341
2347880,-1012836,-66.77691,113.3345
2347866,-1012850,-66.77698,113.335
2347850,-1012864,-66.77705,113.3354
2347834,-1012877,-66.77713,113.3358
2347820,-1012891,-66.77721,113.3362
2347804,-1012905,-66.77728,113.3367
2347789,-1012919,-66.77735,113.3371
2347774,-1012933,-66.77743,113.3375
2347759,-1012947,-66.7775,113.3379
2347743,-1012961,-66.77758,113.3383
2347728,-1012975,-66.77766,113.3388
2347714,-1012989,-66.77773,113.3392
2347698,-1013003,-66.7778,113.3396
2347682,-1013017,-66.77788,113.34
2347667,-1013030,-66.77795,113.3404
2347653,-1013044,-66.77802,113.3409
2347638,-1013059,-66.7781,113.3413
2347622,-1013072,-66.77818,113.3417
2347606,-1013086,-66.77825,113.3421
2347592,-1013100,-66.77832,113.3426
2347577,-1013114,-66.7784,113.343
2347561,-1013128,-66.77847,113.3434
2347546,-1013142,-66.77854,113.3438
2347531,-1013156,-66.77862,113.3442
2347515,-1013170,-66.77869,113.3447
2347501,-1013184,-66.77876,113.3451
2347486,-1013198,-66.77884,113.3455
2347471,-1013213,-66.77891,113.3459
2347456,-1013226,-66.77898,113.3464
2347440,-1013241,-66.77906,113.3468
2347426,-1013255,-66.77913,113.3472
2347411,-1013269,-66.7792,113.3476
2347396,-1013283,-66.77927,113.348
2347381,-1013297,-66.77934,113.3485
2347365,-1013311,-66.77942,113.3489
2347352,-1013325,-66.77949,113.3493
2347336,-1013340,-66.77956,113.3498
2347321,-1013354,-66.77963,113.3502
2347306,-1013368,-66.7797,113.3506
2347291,-1013382,-66.77978,113.351
2347276,-1013396,-66.77985,113.3514
2347262,-1013411,-66.77991,113.3519
2347246,-1013425,-66.77999,113.3523
2347232,-1013439,-66.78006,113.3527
2347217,-1013454,-66.78013,113.3531
2347201,-1013467,-66.7802,113.3536
2347186,-1013482,-66.78027,113.354
2347172,-1013496,-66.78034,113.3544
2347156,-1013510,-66.78042,113.3549
2347142,-1013524,-66.78049,113.3553
2347127,-1013539,-66.78056,113.3557
2347113,-1013553,-66.78062,113.3561
2347098,-1013567,-66.7807,113.3565
2347083,-1013582,-66.78077,113.357
2347068,-1013596,-66.78084,113.3574
2347052,-1013609,-66.78091,113.3578
2347038,-1013624,-66.78098,113.3582
2347024,-1013638,-66.78105,113.3587
2347009,-1013653,-66.78112,113.3591
2346993,-1013667,-66.7812,113.3595
2346978,-1013681,-66.78127,113.3599
2346964,-1013695,-66.78133,113.3604
2346949,-1013709,-66.78141,113.3608
2346934,-1013723,-66.78148,113.3612
2346918,-1013738,-66.78156,113.3616
2346904,-1013752,-66.78162,113.3621
2346890,-1013766,-66.78169,113.3625
2346873,-1013780,-66.78177,113.3629
2346859,-1013794,-66.78184,113.3633
2346844,-1013808,-66.78191,113.3638
2346829,-1013822,-66.78198,113.3642
2346814,-1013837,-66.78206,113.3646
2346799,-1013851,-66.78213,113.365
2346784,-1013865,-66.7822,113.3655
2346769,-1013879,-66.78227,113.3659
2346754,-1013893,-66.78234,113.3663
2346739,-1013908,-66.78242,113.3667
2346724,-1013922,-66.78249,113.3672
2346709,-1013936,-66.78256,113.3676
2346694,-1013950,-66.78263,113.368
2346679,-1013964,-66.78271,113.3684
2346664,-1013978,-66.78278,113.3689
2346649,-1013992,-66.78285,113.3693
2346633,-1014006,-66.78293,113.3697
2346618,-1014020,-66.783,113.3701
2346604,-1014034,-66.78307,113.3705
2346588,-1014048,-66.78315,113.371
2346573,-1014062,-66.78322,113.3714
2346558,-1014076,-66.78329,113.3718
2346544,-1014090,-66.78336,113.3722
2346528,-1014104,-66.78344,113.3727
2346512,-1014118,-66.78352,113.3731
2346498,-1014132,-66.78358,113.3735
2346484,-1014146,-66.78366,113.3739
2346467,-1014160,-66.78374,113.3744
2346452,-1014174,-66.78381,113.3748
2346437,-1014188,-66.78388,113.3752
2346422,-1014202,-66.78396,113.3756
2346406,-1014216,-66.78403,113.376
2346392,-1014230,-66.78411,113.3765
2346377,-1014244,-66.78418,113.3769
2346361,-1014257,-66.78426,113.3773
2346346,-1014271,-66.78433,113.3777
2346330,-1014285,-66.78441,113.3781
2346315,-1014299,-66.78448,113.3786
2346299,-1014313,-66.78456,113.379
2346285,-1014327,-66.78463,113.3794
2346270,-1014341,-66.78471,113.3798
2346254,-1014354,-66.78478,113.3802
2346239,-1014368,-66.78486,113.3807
2346224,-1014382,-66.78493,113.3811
2346208,-1014396,-66.78501,113.3815
2346193,-1014410,-66.78509,113.3819
2346177,-1014423,-66.78516,113.3823
2346162,-1014437,-66.78524,113.3828
2346147,-1014451,-66.78532,113.3832
2346132,-1014465,-66.78539,113.3836
2346116,-1014478,-66.78548,113.384
2346100,-1014491,-66.78555,113.3844
2346084,-1014506,-66.78563,113.3849
2346070,-1014519,-66.78571,113.3853
2346054,-1014533,-66.78578,113.3857
2346039,-1014546,-66.78586,113.3861
2346023,-1014560,-66.78594,113.3865
2346007,-1014573,-66.78602,113.3869
2345992,-1014587,-66.78609,113.3874
2345977,-1014601,-66.78617,113.3878
2345962,-1014615,-66.78625,113.3882
2345946,-1014628,-66.78633,113.3886
2345930,-1014642,-66.78641,113.389
2345915,-1014655,-66.78648,113.3895
2345900,-1014669,-66.78656,113.3899
2345883,-1014682,-66.78664,113.3903
2345868,-1014696,-66.78672,113.3907
2345852,-1014709,-66.7868,113.3911
2345836,-1014723,-66.78688,113.3915
2345822,-1014737,-66.78696,113.392
2345806,-1014750,-66.78703,113.3924
2345790,-1014763,-66.78712,113.3928
2345774,-1014777,-66.78719,113.3932
2345759,-1014791,-66.78727,113.3936
2345743,-1014804,-66.78735,113.394
2345728,-1014818,-66.78743,113.3945
2345712,-1014831,-66.78751,113.3949
2345696,-1014845,-66.78759,113.3953
2345682,-1014858,-66.78767,113.3957
2345666,-1014872,-66.78774,113.3961
2345650,-1014885,-66.78783,113.3965
2345634,-1014899,-66.7879,113.397
2345619,-1014912,-66.78798,113.3974
2345603,-1014926,-66.78806,113.3978
2345588,-1014939,-66.78814,113.3982
2345571,-1014953,-66.78822,113.3986
2345557,-1014967,-66.7883,113.399
2345541,-1014980,-66.78838,113.3995
2345525,-1014993,-66.78846,113.3999
2345510,-1015007,-66.78854,113.4003
2345494,-1015021,-66.78861,113.4007
2345478,-1015034,-66.7887,113.4011
2345463,-1015047,-66.78877,113.4015
2345447,-1015061,-66.78886,113.402
2345431,-1015074,-66.78893,113.4024
2345416,-1015088,-66.78901,113.4028
2345400,-1015101,-66.78909,113.4032
2345385,-1015115,-66.78917,113.4036
2345370,-1015129,-66.78925,113.404
2345354,-1015142,-66.78933,113.4045
2345338,-1015156,-66.78941,113.4049
2345323,-1015169,-66.78948,113.4053
2345307,-1015183,-66.78957,113.4057
2345292,-1015196,-66.78964,113.4061
2345276,-1015210,-66.78972,113.4066
2345260,-1015223,-66.7898,113.407
2345245,-1015237,-66.78988,113.4074
2345230,-1015250,-66.78996,113.4078
2345213,-1015264,-66.79004,113.4082
2345198,-1015278,-66.79012,113.4086
2345182,-1015291,-66.79019,113.4091
2345167,-1015305,-66.79027,113.4095
2345152,-1015319,-66.79035,113.4099
2345135,-1015332,-66.79043,113.4103
2345121,-1015346,-66.7905,113.4107
2345104,-1015359,-66.79059,113.4111
2345089,-1015373,-66.79066,113.4116
2345074,-1015387,-66.79074,113.412
2345058,-1015400,-66.79082,113.4124
2345044,-1015414,-66.79089,113.4128
2345027,-1015427,-66.79098,113.4132
2345012,-1015441,-66.79105,113.4137
2344996,-1015454,-66.79113,113.4141
2344981,-1015469,-66.79121,113.4145
2344965,-1015482,-66.79128,113.4149
2344950,-1015495,-66.79137,113.4153
2344934,-1015509,-66.79144,113.4157
2344919,-1015523,-66.79152,113.4162
2344904,-1015537,-66.7916,113.4166
2344888,-1015550,-66.79168,113.417
2344872,-1015563,-66.79176,113.4174
2344857,-1015578,-66.79183,113.4178
2344842,-1015591,-66.79191,113.4183
2344826,-1015604,-66.79198,113.4187
2344810,-1015618,-66.79207,113.4191
2344795,-1015632,-66.79214,113.4195
2344779,-1015646,-66.79222,113.4199
2344764,-1015659,-66.7923,113.4204
2344748,-1015673,-66.79237,113.4208
2344732,-1015686,-66.79246,113.4212
2344717,-1015700,-66.79253,113.4216
2344702,-1015714,-66.79261,113.422
2344686,-1015728,-66.79269,113.4225
2344671,-1015742,-66.79276,113.4229
2344656,-1015755,-66.79284,113.4233
2344640,-1015769,-66.79292,113.4237
2344625,-1015783,-66.79299,113.4241
2344610,-1015797,-66.79306,113.4246
2344595,-1015811,-66.79314,113.425
2344579,-1015825,-66.79321,113.4254
2344564,-1015839,-66.79329,113.4258
2344550,-1015854,-66.79336,113.4263
2344534,-1015867,-66.79343,113.4267
2344519,-1015881,-66.7935,113.4271
2344504,-1015896,-66.79358,113.4275
2344489,-1015910,-66.79365,113.428
2344474,-1015924,-66.79372,113.4284
2344459,-1015938,-66.79379,113.4288
2344444,-1015953,-66.79386,113.4293
2344430,-1015968,-66.79393,113.4297
2344415,-1015981,-66.794,113.4301
2344398,-1015996,-66.79408,113.4305
2344384,-1016010,-66.79414,113.431
2344371,-1016025,-66.7942,113.4314
2344356,-1016040,-66.79427,113.4318
2344341,-1016054,-66.79434,113.4323
2344326,-1016068,-66.79441,113.4327
2344311,-1016083,-66.79448,113.4331
2344296,-1016097,-66.79455,113.4335
2344282,-1016112,-66.79462,113.434
2344268,-1016127,-66.79468,113.4344
2344253,-1016142,-66.79475,113.4348
2344238,-1016156,-66.79482,113.4353
2344223,-1016171,-66.79488,113.4357
2344210,-1016186,-66.79494,113.4361
2344195,-1016200,-66.79501,113.4366
2344182,-1016215,-66.79507,113.437
2344166,-1016230,-66.79514,113.4374
2344151,-1016244,-66.79521,113.4379
2344137,-1016259,-66.79527,113.4383
2344122,-1016274,-66.79534,113.4387
2344108,-1016289,-66.7954,113.4392
2344094,-1016304,-66.79547,113.4396
2344080,-1016318,-66.79553,113.44
2344065,-1016334,-66.7956,113.4405
2344050,-1016348,-66.79567,113.4409
2344037,-1016363,-66.79573,113.4413
2344021,-1016377,-66.7958,113.4417
2344007,-1016392,-66.79586,113.4422
2343992,-1016407,-66.79593,113.4426
2343978,-1016421,-66.796,113.443
2343963,-1016436,-66.79606,113.4435
2343949,-1016451,-66.79613,113.4439
2343934,-1016466,-66.7962,113.4444
2343920,-1016480,-66.79626,113.4448
2343905,-1016495,-66.79633,113.4452
2343890,-1016510,-66.79639,113.4456
2343876,-1016525,-66.79646,113.4461
2343861,-1016539,-66.79653,113.4465
2343846,-1016553,-66.7966,113.4469
2343832,-1016568,-66.79667,113.4474
2343818,-1016582,-66.79673,113.4478
2343803,-1016597,-66.7968,113.4482
2343788,-1016611,-66.79687,113.4486
2343773,-1016626,-66.79694,113.4491
2343758,-1016640,-66.79701,113.4495
2343744,-1016654,-66.79708,113.4499
2343728,-1016669,-66.79715,113.4504
2343714,-1016683,-66.79722,113.4508
2343699,-1016698,-66.79729,113.4512
2343683,-1016711,-66.79736,113.4516
2343668,-1016726,-66.79744,113.4521
2343654,-1016740,-66.79751,113.4525
2343639,-1016754,-66.79758,113.4529
2343624,-1016768,-66.79765,113.4533
2343608,-1016783,-66.79773,113.4538
2343593,-1016797,-66.7978,113.4542
2343578,-1016810,-66.79787,113.4546
2343563,-1016824,-66.79794,113.455
2343548,-1016839,-66.79802,113.4555
2343532,-1016852,-66.7981,113.4559
2343518,-1016867,-66.79816,113.4563
2343502,-1016881,-66.79824,113.4567
2343487,-1016895,-66.79832,113.4572
2343471,-1016909,-66.79839,113.4576
2343456,-1016922,-66.79847,113.458
2343440,-1016936,-66.79855,113.4584
2343425,-1016950,-66.79862,113.4589
2343410,-1016964,-66.79869,113.4593
2343394,-1016978,-66.79877,113.4597
2343380,-1016992,-66.79884,113.4601
2343364,-1017006,-66.79892,113.4605
2343349,-1017020,-66.799,113.461
2343334,-1017033,-66.79907,113.4614
2343318,-1017047,-66.79915,113.4618
2343303,-1017061,-66.79922,113.4622
2343287,-1017074,-66.7993,113.4627
2343272,-1017089,-66.79938,113.4631
2343256,-1017103,-66.79945,113.4635
2343241,-1017116,-66.79953,113.4639
2343226,-1017130,-66.79961,113.4643
2343210,-1017143,-66.79968,113.4648
2343195,-1017157,-66.79977,113.4652
2343178,-1017171,-66.79984,113.4656
2343163,-1017184,-66.79992,113.466
2343148,-1017198,-66.8,113.4664
2343133,-1017212,-66.80007,113.4669
2343117,-1017225,-66.80015,113.4673
2343102,-1017239,-66.80022,113.4677
2343086,-1017253,-66.8003,113.4681
2343071,-1017267,-66.80038,113.4685
2343056,-1017280,-66.80045,113.469
2343041,-1017294,-66.80053,113.4694
2343026,-1017308,-66.80061,113.4698
2343009,-1017322,-66.80068,113.4702
2342994,-1017336,-66.80076,113.4706
2342979,-1017349,-66.80083,113.4711
2342964,-1017363,-66.80091,113.4715
2342948,-1017377,-66.80099,113.4719
2342934,-1017391,-66.80106,113.4723
2342917,-1017404,-66.80114,113.4727
2342902,-1017418,-66.80122,113.4732
2342886,-1017432,-66.80129,113.4736
2342872,-1017445,-66.80137,113.474
2342857,-1017459,-66.80144,113.4744
2342840,-1017473,-66.80152,113.4748
2342826,-1017487,-66.80159,113.4753
2342811,-1017501,-66.80167,113.4757
2342795,-1017515,-66.80174,113.4761
2342780,-1017528,-66.80182,113.4765
2342764,-1017542,-66.8019,113.4769
2342749,-1017556,-66.80197,113.4774
2342733,-1017570,-66.80205,113.4778
2342718,-1017584,-66.80212,113.4782
2342704,-1017598,-66.80219,113.4786
2342688,-1017612,-66.80227,113.479
2342673,-1017625,-66.80235,113.4795
2342658,-1017639,-66.80242,113.4799
2342642,-1017653,-66.8025,113.4803
2342627,-1017667,-66.80257,113.4807
2342612,-1017681,-66.80264,113.4812
2342596,-1017695,-66.80272,113.4816
2342582,-1017708,-66.8028,113.482
2342567,-1017722,-66.80286,113.4824
2342552,-1017737,-66.80294,113.4828
2342536,-1017750,-66.80302,113.4833
2342521,-1017764,-66.80309,113.4837
2342505,-1017777,-66.80317,113.4841
2342490,-1017792,-66.80324,113.4845
2342475,-1017806,-66.80331,113.485
2342460,-1017819,-66.80339,113.4854
2342444,-1017833,-66.80347,113.4858
2342430,-1017848,-66.80354,113.4862
2342414,-1017862,-66.80361,113.4866
2342399,-1017875,-66.80369,113.4871
2342384,-1017889,-66.80376,113.4875
2342369,-1017903,-66.80383,113.4879
2342354,-1017917,-66.80391,113.4883
2342338,-1017930,-66.80399,113.4887
2342322,-1017944,-66.80406,113.4892
2342308,-1017959,-66.80413,113.4896
2342292,-1017972,-66.80421,113.49
2342277,-1017986,-66.80428,113.4904
2342262,-1018000,-66.80436,113.4909
2342247,-1018014,-66.80443,113.4913
2342232,-1018028,-66.8045,113.4917
2342216,-1018042,-66.80458,113.4921
2342202,-1018056,-66.80466,113.4926
2342187,-1018070,-66.80473,113.493
2342171,-1018084,-66.8048,113.4934
2342156,-1018097,-66.80488,113.4938
2342140,-1018112,-66.80495,113.4942
2342125,-1018125,-66.80503,113.4947
2342110,-1018139,-66.8051,113.4951
2342094,-1018153,-66.80518,113.4955
2342079,-1018167,-66.80525,113.4959
2342064,-1018181,-66.80533,113.4963
2342048,-1018195,-66.8054,113.4968
2342034,-1018208,-66.80548,113.4972
2342017,-1018222,-66.80556,113.4976
2342003,-1018236,-66.80563,113.498
2341988,-1018250,-66.8057,113.4985
2341972,-1018264,-66.80578,113.4989
2341957,-1018278,-66.80585,113.4993
2341942,-1018292,-66.80593,113.4997
2341926,-1018305,-66.80601,113.5001
2341910,-1018319,-66.80608,113.5006
2341895,-1018333,-66.80616,113.501
2341880,-1018346,-66.80624,113.5014
2341864,-1018360,-66.80631,113.5018
2341849,-1018374,-66.80639,113.5023
2341834,-1018388,-66.80647,113.5027
2341818,-1018402,-66.80654,113.5031
2341803,-1018415,-66.80662,113.5035
2341788,-1018429,-66.80669,113.5039
2341772,-1018443,-66.80677,113.5044
2341756,-1018457,-66.80685,113.5048
2341741,-1018470,-66.80692,113.5052
2341726,-1018485,-66.807,113.5056
2341710,-1018498,-66.80708,113.506
2341695,-1018512,-66.80715,113.5065
2341680,-1018526,-66.80723,113.5069
2341664,-1018540,-66.8073,113.5073
2341649,-1018553,-66.80738,113.5077
2341633,-1018567,-66.80746,113.5081
2341619,-1018581,-66.80753,113.5086
2341602,-1018594,-66.80761,113.509
2341588,-1018608,-66.80769,113.5094
2341571,-1018622,-66.80776,113.5098
2341557,-1018636,-66.80784,113.5102
2341540,-1018649,-66.80792,113.5107
2341525,-1018663,-66.808,113.5111
2341509,-1018677,-66.80807,113.5115
2341494,-1018691,-66.80815,113.5119
2341479,-1018704,-66.80823,113.5124
2341463,-1018718,-66.8083,113.5128
2341448,-1018732,-66.80838,113.5132
2341432,-1018746,-66.80846,113.5136
2341417,-1018759,-66.80853,113.514
2341402,-1018773,-66.80861,113.5145
2341386,-1018787,-66.80869,113.5149
2341372,-1018801,-66.80876,113.5153
2341355,-1018815,-66.80884,113.5157
2341340,-1018828,-66.80891,113.5161
2341325,-1018842,-66.80899,113.5166
2341310,-1018856,-66.80907,113.517
2341294,-1018869,-66.80914,113.5174
2341278,-1018883,-66.80922,113.5178
2341263,-1018897,-66.8093,113.5182
2341248,-1018911,-66.80937,113.5187
2341232,-1018925,-66.80945,113.5191
2341217,-1018939,-66.80952,113.5195
2341202,-1018953,-66.8096,113.5199
2341186,-1018966,-66.80968,113.5204
2341170,-1018980,-66.80975,113.5208
2341156,-1018994,-66.80983,113.5212
2341140,-1019008,-66.80991,113.5216
2341124,-1019021,-66.80998,113.5221
2341109,-1019036,-66.81006,113.5225
2341093,-1019049,-66.81013,113.5229
2341078,-1019063,-66.81021,113.5233
2341063,-1019077,-66.81029,113.5237
2341047,-1019091,-66.81036,113.5242
2341032,-1019105,-66.81043,113.5246
2341017,-1019119,-66.81051,113.525
2341002,-1019132,-66.81059,113.5254
2340987,-1019147,-66.81066,113.5259
2340971,-1019160,-66.81074,113.5263
2340955,-1019174,-66.81081,113.5267
2340939,-1019188,-66.81089,113.5271
2340926,-1019202,-66.81096,113.5275
2340910,-1019216,-66.81104,113.528
2340894,-1019230,-66.81111,113.5284
2340879,-1019244,-66.81119,113.5288
2340864,-1019257,-66.81126,113.5292
2340849,-1019271,-66.81133,113.5297
2340834,-1019286,-66.81141,113.5301
2340818,-1019300,-66.81149,113.5305
2340802,-1019313,-66.81156,113.5309
2340788,-1019328,-66.81164,113.5314
2340772,-1019342,-66.81171,113.5318
2340757,-1019355,-66.81178,113.5322
2340742,-1019369,-66.81186,113.5326
2340726,-1019384,-66.81194,113.5331
2340711,-1019397,-66.81201,113.5335
2340696,-1019411,-66.81208,113.5339
2340681,-1019425,-66.81216,113.5343
2340665,-1019439,-66.81223,113.5348
2340650,-1019453,-66.81231,113.5352
2340634,-1019467,-66.81239,113.5356
2340619,-1019481,-66.81246,113.536
2340603,-1019495,-66.81254,113.5365
2340588,-1019508,-66.81261,113.5369
2340573,-1019523,-66.81268,113.5373
2340557,-1019536,-66.81276,113.5377
2340542,-1019551,-66.81284,113.5382
2340527,-1019565,-66.81291,113.5386
2340511,-1019578,-66.81299,113.539
2340496,-1019592,-66.81306,113.5394
2340480,-1019606,-66.81314,113.5399
2340466,-1019620,-66.81321,113.5403
2340450,-1019634,-66.81329,113.5407
2340435,-1019648,-66.81336,113.5411
2340420,-1019662,-66.81344,113.5415
2340404,-1019675,-66.81351,113.542
2340388,-1019690,-66.81359,113.5424
2340373,-1019703,-66.81367,113.5428
2340358,-1019718,-66.81374,113.5432
2340342,-1019731,-66.81382,113.5437
2340327,-1019745,-66.8139,113.5441
2340311,-1019759,-66.81397,113.5445
2340296,-1019773,-66.81405,113.5449
2340280,-1019787,-66.81413,113.5454
2340265,-1019800,-66.8142,113.5458
2340249,-1019814,-66.81428,113.5462
2340234,-1019828,-66.81435,113.5466
2340219,-1019842,-66.81443,113.5471
2340203,-1019856,-66.81451,113.5475
2340188,-1019870,-66.81458,113.5479
2340172,-1019884,-66.81466,113.5483
2340157,-1019897,-66.81474,113.5487
2340140,-1019911,-66.81482,113.5492
2340126,-1019925,-66.8149,113.5496
2340110,-1019939,-66.81497,113.55
2340094,-1019952,-66.81505,113.5504
2340079,-1019966,-66.81512,113.5509
2340064,-1019980,-66.8152,113.5513
2340048,-1019994,-66.81528,113.5517
2340033,-1020008,-66.81535,113.5521
2340016,-1020021,-66.81544,113.5526
2340001,-1020035,-66.81551,113.553
2339986,-1020049,-66.81559,113.5534
2339970,-1020062,-66.81567,113.5538
2339954,-1020076,-66.81574,113.5542
2339938,-1020090,-66.81583,113.5547
2339923,-1020103,-66.8159,113.5551
2339908,-1020118,-66.81598,113.5555
2339892,-1020131,-66.81606,113.5559
2339876,-1020145,-66.81613,113.5564
2339862,-1020159,-66.81621,113.5568
2339845,-1020172,-66.81629,113.5572
2339830,-1020186,-66.81637,113.5576
2339815,-1020200,-66.81644,113.558
2339798,-1020213,-66.81652,113.5585
2339782,-1020227,-66.8166,113.5589
2339767,-1020241,-66.81668,113.5593
2339752,-1020255,-66.81676,113.5597
2339736,-1020268,-66.81683,113.5602
2339720,-1020282,-66.81691,113.5606
2339705,-1020295,-66.81699,113.561
2339689,-1020309,-66.81707,113.5614
2339674,-1020323,-66.81715,113.5618
2339658,-1020337,-66.81722,113.5623
2339642,-1020350,-66.81731,113.5627
2339626,-1020364,-66.81738,113.5631
2339612,-1020378,-66.81746,113.5635
2339596,-1020392,-66.81754,113.5639
2339581,-1020405,-66.81761,113.5644
2339564,-1020419,-66.8177,113.5648
2339550,-1020433,-66.81777,113.5652
2339533,-1020446,-66.81785,113.5656
2339518,-1020461,-66.81792,113.5661
2339502,-1020474,-66.818,113.5665
2339486,-1020487,-66.81808,113.5669
2339470,-1020501,-66.81816,113.5673
2339455,-1020515,-66.81824,113.5677
2339440,-1020529,-66.81831,113.5682
2339425,-1020543,-66.81839,113.5686
2339408,-1020556,-66.81847,113.569
2339393,-1020570,-66.81855,113.5694
2339378,-1020584,-66.81863,113.5699
2339362,-1020598,-66.8187,113.5703
2339347,-1020612,-66.81878,113.5707
2339332,-1020626,-66.81886,113.5711
2339316,-1020639,-66.81893,113.5716
2339300,-1020653,-66.81902,113.572
2339284,-1020666,-66.81909,113.5724
2339269,-1020680,-66.81917,113.5728
2339253,-1020694,-66.81924,113.5732
2339238,-1020708,-66.81932,113.5737
2339222,-1020722,-66.8194,113.5741
2339206,-1020736,-66.81947,113.5745
2339192,-1020750,-66.81955,113.5749
2339176,-1020764,-66.81963,113.5754
2339161,-1020777,-66.8197,113.5758
2339145,-1020791,-66.81978,113.5762
2339130,-1020805,-66.81985,113.5766
2339114,-1020819,-66.81993,113.5771
2339099,-1020833,-66.82001,113.5775
2339084,-1020847,-66.82008,113.5779
2339068,-1020861,-66.82016,113.5783
2339052,-1020874,-66.82024,113.5788
2339036,-1020888,-66.82032,113.5792
2339021,-1020902,-66.82039,113.5796
2339006,-1020916,-66.82047,113.58
2338990,-1020930,-66.82054,113.5805
2338975,-1020944,-66.82062,113.5809
2338959,-1020957,-66.82069,113.5813
2338944,-1020972,-66.82077,113.5817
2338928,-1020986,-66.82085,113.5822
2338913,-1021000,-66.82092,113.5826
2338898,-1021013,-66.821,113.583
2338882,-1021027,-66.82108,113.5834
2338867,-1021041,-66.82115,113.5839
2338851,-1021055,-66.82123,113.5843
2338836,-1021069,-66.8213,113.5847
2338820,-1021084,-66.82137,113.5851
2338806,-1021097,-66.82145,113.5856
2338790,-1021111,-66.82153,113.586
2338774,-1021125,-66.8216,113.5864
2338758,-1021139,-66.82168,113.5868
2338743,-1021153,-66.82175,113.5873
2338728,-1021167,-66.82182,113.5877
2338713,-1021181,-66.8219,113.5881
2338698,-1021195,-66.82198,113.5885
2338682,-1021209,-66.82205,113.589
2338667,-1021223,-66.82212,113.5894
2338653,-1021237,-66.8222,113.5898
2338636,-1021251,-66.82227,113.5902
2338621,-1021265,-66.82235,113.5907
2338606,-1021279,-66.82242,113.5911
2338591,-1021293,-66.82249,113.5915
2338576,-1021307,-66.82257,113.592
2338560,-1021322,-66.82265,113.5924
2338546,-1021336,-66.82272,113.5928
2338529,-1021350,-66.82279,113.5932
2338514,-1021364,-66.82287,113.5937
2338500,-1021378,-66.82294,113.5941
2338484,-1021392,-66.82301,113.5945
2338468,-1021406,-66.82309,113.5949
2338452,-1021419,-66.82317,113.5954
2338438,-1021434,-66.82323,113.5958
2338422,-1021448,-66.82331,113.5962
2338407,-1021462,-66.82339,113.5967
2338392,-1021476,-66.82346,113.5971
2338377,-1021490,-66.82353,113.5975
2338362,-1021504,-66.82361,113.5979
2338347,-1021519,-66.82368,113.5984
2338330,-1021532,-66.82375,113.5988
2338316,-1021546,-66.82383,113.5992
2338301,-1021561,-66.8239,113.5996
2338285,-1021575,-66.82397,113.6001
2338270,-1021589,-66.82405,113.6005
2338255,-1021603,-66.82412,113.6009
2338240,-1021617,-66.8242,113.6013
2338223,-1021631,-66.82427,113.6018
2338209,-1021646,-66.82434,113.6022
2338194,-1021659,-66.82442,113.6026
2338178,-1021674,-66.82449,113.6031
2338163,-1021688,-66.82456,113.6035
2338148,-1021702,-66.82464,113.6039
2338132,-1021716,-66.82471,113.6043
2338118,-1021730,-66.82478,113.6048
2338102,-1021744,-66.82486,113.6052
2338087,-1021758,-66.82494,113.6056
2338072,-1021772,-66.825,113.606
2338056,-1021787,-66.82508,113.6065
2338041,-1021801,-66.82516,113.6069
2338026,-1021815,-66.82523,113.6073
2338011,-1021829,-66.8253,113.6078
2337995,-1021843,-66.82538,113.6082
2337980,-1021858,-66.82545,113.6086
2337965,-1021871,-66.82552,113.609
2337949,-1021885,-66.8256,113.6095
2337934,-1021899,-66.82568,113.6099
2337919,-1021914,-66.82574,113.6103
2337904,-1021928,-66.82582,113.6107
2337888,-1021941,-66.8259,113.6112
2337872,-1021955,-66.82597,113.6116
2337858,-1021970,-66.82604,113.612
2337842,-1021984,-66.82612,113.6125
2337826,-1021998,-66.82619,113.6129
2337811,-1022012,-66.82627,113.6133
2337796,-1022026,-66.82634,113.6137
2337781,-1022040,-66.82642,113.6142
2337765,-1022054,-66.82649,113.6146
2337750,-1022068,-66.82657,113.615
2337735,-1022082,-66.82664,113.6154
2337720,-1022096,-66.82671,113.6159
2337704,-1022110,-66.82679,113.6163
2337689,-1022124,-66.82687,113.6167
2337674,-1022138,-66.82693,113.6172
2337658,-1022152,-66.82701,113.6176
2337643,-1022166,-66.82709,113.618
2337628,-1022180,-66.82716,113.6184
2337612,-1022194,-66.82724,113.6189
2337597,-1022208,-66.82731,113.6193
2337582,-1022222,-66.82738,113.6197
2337567,-1022237,-66.82745,113.6201
2337552,-1022251,-66.82753,113.6206
2337536,-1022264,-66.82761,113.621
2337520,-1022278,-66.82768,113.6214
2337506,-1022292,-66.82775,113.6218
2337490,-1022306,-66.82783,113.6223
2337475,-1022320,-66.8279,113.6227
2337459,-1022335,-66.82798,113.6231
2337443,-1022348,-66.82806,113.6236
2337428,-1022362,-66.82813,113.624
2337413,-1022377,-66.8282,113.6244
2337398,-1022391,-66.82828,113.6248
2337382,-1022404,-66.82835,113.6253
2337367,-1022418,-66.82843,113.6257
2337351,-1022432,-66.82851,113.6261
2337336,-1022446,-66.82858,113.6265
2337322,-1022460,-66.82865,113.627
2337306,-1022474,-66.82873,113.6274
2337290,-1022488,-66.8288,113.6278
2337275,-1022502,-66.82888,113.6282
2337260,-1022516,-66.82896,113.6287
2337245,-1022530,-66.82903,113.6291
2337229,-1022545,-66.8291,113.6295
2337213,-1022558,-66.82918,113.6299
2337198,-1022572,-66.82925,113.6304
2337182,-1022586,-66.82933,113.6308
2337167,-1022600,-66.82941,113.6312
2337152,-1022614,-66.82948,113.6316
2337137,-1022628,-66.82955,113.6321
2337122,-1022642,-66.82963,113.6325
2337106,-1022656,-66.8297,113.6329
2337090,-1022669,-66.82978,113.6333
2337076,-1022684,-66.82985,113.6338
2337060,-1022698,-66.82993,113.6342
2337045,-1022712,-66.83,113.6346
2337030,-1022726,-66.83008,113.635
2337014,-1022739,-66.83015,113.6355
2336998,-1022753,-66.83023,113.6359
2336984,-1022767,-66.8303,113.6363
2336968,-1022782,-66.83038,113.6367
2336953,-1022795,-66.83045,113.6372
2336936,-1022809,-66.83053,113.6376
2336922,-1022823,-66.8306,113.638
2336906,-1022837,-66.83067,113.6384
2336891,-1022851,-66.83075,113.6389
2336876,-1022865,-66.83083,113.6393
2336860,-1022879,-66.8309,113.6397
2336845,-1022893,-66.83098,113.6401
2336830,-1022907,-66.83105,113.6406
2336814,-1022921,-66.83112,113.641
2336799,-1022935,-66.8312,113.6414
2336784,-1022949,-66.83128,113.6418
2336769,-1022963,-66.83134,113.6423
2336753,-1022977,-66.83142,113.6427
2336738,-1022991,-66.8315,113.6431
2336723,-1023004,-66.83157,113.6435
2336706,-1023018,-66.83165,113.644
2336692,-1023032,-66.83172,113.6444
2336677,-1023046,-66.83179,113.6448
2336662,-1023060,-66.83187,113.6452
2336646,-1023074,-66.83195,113.6457
2336631,-1023088,-66.83202,113.6461
2336615,-1023102,-66.83209,113.6465
2336600,-1023116,-66.83217,113.6469
2336584,-1023130,-66.83224,113.6474
2336570,-1023144,-66.83231,113.6478
2336554,-1023158,-66.83239,113.6482
2336539,-1023172,-66.83247,113.6486
2336524,-1023187,-66.83253,113.6491
2336508,-1023200,-66.83261,113.6495
2336494,-1023215,-66.83269,113.6499
2336479,-1023228,-66.83276,113.6503
2336463,-1023243,-66.83283,113.6508
2336448,-1023256,-66.83291,113.6512
2336432,-1023270,-66.83298,113.6516
2336418,-1023284,-66.83305,113.652
2336402,-1023298,-66.83313,113.6525
2336386,-1023312,-66.83321,113.6529
2336372,-1023326,-66.83327,113.6533
2336356,-1023340,-66.83335,113.6538
2336340,-1023354,-66.83343,113.6542
2336326,-1023368,-66.8335,113.6546
2336310,-1023382,-66.83357,113.655
2336295,-1023396,-66.83365,113.6555
2336280,-1023410,-66.83372,113.6559
2336265,-1023424,-66.83379,113.6563
2336249,-1023438,-66.83387,113.6567
2336234,-1023452,-66.83395,113.6572
2336219,-1023466,-66.83401,113.6576
2336204,-1023480,-66.83409,113.658
2336188,-1023494,-66.83417,113.6584
2336172,-1023508,-66.83424,113.6589
2336158,-1023522,-66.83431,113.6593
2336142,-1023536,-66.83439,113.6597
2336127,-1023549,-66.83447,113.6601
2336112,-1023564,-66.83453,113.6606
2336097,-1023578,-66.83461,113.661
2336081,-1023592,-66.83469,113.6614
2336067,-1023606,-66.83475,113.6618
2336051,-1023619,-66.83483,113.6622
2336036,-1023634,-66.83491,113.6627
2336020,-1023647,-66.83498,113.6631
2336005,-1023661,-66.83505,113.6635
2335990,-1023675,-66.83513,113.6639
2335975,-1023689,-66.83521,113.6644
2335960,-1023703,-66.83527,113.6648
2335944,-1023717,-66.83535,113.6652
2335929,-1023731,-66.83543,113.6656
2335914,-1023745,-66.83549,113.6661
2335899,-1023758,-66.83557,113.6665
2335883,-1023773,-66.83565,113.6669
2335868,-1023787,-66.83572,113.6673
2335853,-1023800,-66.83579,113.6678
2335838,-1023814,-66.83587,113.6682
2335822,-1023828,-66.83595,113.6686
2335808,-1023842,-66.83601,113.669
2335792,-1023856,-66.83609,113.6694
2335777,-1023870,-66.83616,113.6699
2335762,-1023884,-66.83624,113.6703
2335746,-1023898,-66.83631,113.6707
2335731,-1023912,-66.83639,113.6711
2335716,-1023926,-66.83646,113.6716
2335701,-1023940,-66.83653,113.672
2335685,-1023953,-66.83661,113.6724
2335670,-1023967,-66.83668,113.6728
2335656,-1023981,-66.83675,113.6733
2335640,-1023996,-66.83682,113.6737
2335625,-1024009,-66.8369,113.6741
2335610,-1024023,-66.83698,113.6745
2335595,-1024038,-66.83704,113.675
2335579,-1024051,-66.83712,113.6754
2335564,-1024064,-66.8372,113.6758
2335549,-1024079,-66.83727,113.6762
2335534,-1024092,-66.83734,113.6767
2335519,-1024107,-66.83741,113.6771
2335504,-1024120,-66.83749,113.6775
2335488,-1024134,-66.83756,113.6779
2335474,-1024148,-66.83763,113.6783
2335458,-1024162,-66.83771,113.6788
2335443,-1024176,-66.83778,113.6792
2335428,-1024190,-66.83785,113.6796
2335413,-1024204,-66.83793,113.68
2335398,-1024218,-66.838,113.6805
2335383,-1024231,-66.83807,113.6809
2335368,-1024245,-66.83814,113.6813
2335353,-1024259,-66.83822,113.6817
2335338,-1024274,-66.83829,113.6821
2335322,-1024288,-66.83836,113.6826
2335306,-1024301,-66.83844,113.683
2335292,-1024315,-66.83851,113.6834
2335277,-1024329,-66.83858,113.6838
2335262,-1024343,-66.83865,113.6842
2335247,-1024357,-66.83873,113.6847
2335231,-1024370,-66.8388,113.6851
2335217,-1024385,-66.83887,113.6855
2335202,-1024399,-66.83894,113.6859
2335186,-1024412,-66.83902,113.6864
2335171,-1024426,-66.8391,113.6868
2335156,-1024440,-66.83916,113.6872
2335141,-1024454,-66.83924,113.6876
2335126,-1024468,-66.83931,113.6881
2335111,-1024482,-66.83939,113.6885
2335096,-1024496,-66.83945,113.6889
2335081,-1024510,-66.83953,113.6893
2335065,-1024524,-66.83961,113.6897
2335050,-1024538,-66.83968,113.6902
2335035,-1024551,-66.83975,113.6906
2335020,-1024565,-66.83982,113.691
2335005,-1024579,-66.8399,113.6914
2334991,-1024593,-66.83997,113.6918
2334975,-1024606,-66.84004,113.6923
2334960,-1024621,-66.84011,113.6927
2334945,-1024635,-66.84019,113.6931
2334929,-1024648,-66.84026,113.6935
2334915,-1024662,-66.84033,113.694
2334899,-1024676,-66.84041,113.6944
2334884,-1024690,-66.84048,113.6948
2334870,-1024704,-66.84055,113.6952
2334855,-1024718,-66.84062,113.6957
2334838,-1024732,-66.8407,113.6961
2334824,-1024746,-66.84077,113.6965
2334809,-1024760,-66.84084,113.6969
2334793,-1024774,-66.84092,113.6973
2334779,-1024788,-66.84099,113.6978
2334764,-1024801,-66.84106,113.6982
2334748,-1024816,-66.84113,113.6986
2334733,-1024829,-66.84121,113.699
2334718,-1024843,-66.84129,113.6995
2334702,-1024857,-66.84135,113.6999
2334688,-1024871,-66.84143,113.7003
2334673,-1024885,-66.8415,113.7007
2334657,-1024899,-66.84158,113.7012
2334642,-1024913,-66.84164,113.7016
2334628,-1024927,-66.84172,113.702
2334612,-1024941,-66.8418,113.7024
2334597,-1024955,-66.84187,113.7029
2334582,-1024968,-66.84194,113.7033
2334566,-1024983,-66.84201,113.7037
2334551,-1024996,-66.84209,113.7041
2334536,-1025010,-66.84216,113.7045
2334522,-1025025,-66.84223,113.705
2334506,-1025039,-66.84231,113.7054
2334491,-1025053,-66.84238,113.7058
2334476,-1025067,-66.84245,113.7062
2334461,-1025081,-66.84252,113.7067
2334445,-1025094,-66.8426,113.7071
2334430,-1025108,-66.84267,113.7075
2334415,-1025122,-66.84274,113.7079
2334400,-1025136,-66.84282,113.7084
2334385,-1025150,-66.84289,113.7088
2334370,-1025164,-66.84296,113.7092
2334355,-1025178,-66.84303,113.7096
2334340,-1025192,-66.84311,113.7101
2334325,-1025206,-66.84318,113.7105
2334309,-1025220,-66.84325,113.7109
2334294,-1025234,-66.84333,113.7113
2334279,-1025248,-66.8434,113.7117
2334264,-1025262,-66.84348,113.7122
2334249,-1025276,-66.84354,113.7126
2334234,-1025290,-66.84362,113.713
2334219,-1025304,-66.84369,113.7134
2334204,-1025318,-66.84377,113.7139
2334188,-1025332,-66.84384,113.7143
2334173,-1025346,-66.84391,113.7147
2334157,-1025360,-66.84399,113.7151
2334142,-1025374,-66.84406,113.7156
2334128,-1025387,-66.84413,113.716
2334113,-1025402,-66.8442,113.7164
2334098,-1025415,-66.84428,113.7168
2334082,-1025430,-66.84435,113.7173
2334067,-1025444,-66.84442,113.7177
2334051,-1025457,-66.8445,113.7181
2334036,-1025472,-66.84457,113.7185
2334021,-1025486,-66.84464,113.719
2334006,-1025500,-66.84472,113.7194
2333991,-1025514,-66.84479,113.7198
2333976,-1025528,-66.84486,113.7202
2333961,-1025542,-66.84493,113.7207
2333945,-1025556,-66.84501,113.7211
2333930,-1025569,-66.84509,113.7215
2333915,-1025583,-66.84515,113.7219
2333899,-1025597,-66.84523,113.7224
2333885,-1025612,-66.8453,113.7228
2333870,-1025626,-66.84538,113.7232
2333854,-1025639,-66.84545,113.7236
2333839,-1025654,-66.84552,113.7241
2333824,-1025668,-66.8456,113.7245
2333808,-1025681,-66.84567,113.7249
2333793,-1025696,-66.84574,113.7254
2333778,-1025709,-66.84582,113.7258
2333762,-1025723,-66.84589,113.7262
2333748,-1025737,-66.84596,113.7266
2333732,-1025751,-66.84604,113.7271
2333716,-1025765,-66.84612,113.7275
2333702,-1025779,-66.84618,113.7279
2333686,-1025793,-66.84626,113.7283
2333670,-1025807,-66.84634,113.7288
2333656,-1025820,-66.84641,113.7292
2333640,-1025835,-66.84648,113.7296
2333625,-1025849,-66.84656,113.73
2333609,-1025863,-66.84663,113.7305
2333594,-1025877,-66.8467,113.7309
2333579,-1025891,-66.84678,113.7313
2333564,-1025904,-66.84686,113.7317
2333549,-1025919,-66.84692,113.7322
2333534,-1025933,-66.847,113.7326
2333518,-1025946,-66.84708,113.733
2333504,-1025961,-66.84715,113.7334
2333487,-1025974,-66.84722,113.7339
2333473,-1025989,-66.8473,113.7343
2333456,-1026002,-66.84737,113.7347
2333442,-1026017,-66.84744,113.7351
2333426,-1026030,-66.84752,113.7356
2333411,-1026044,-66.8476,113.736
2333396,-1026058,-66.84766,113.7364
2333381,-1026073,-66.84774,113.7368
2333366,-1026086,-66.84782,113.7373
2333350,-1026100,-66.84789,113.7377
2333335,-1026114,-66.84796,113.7381
2333320,-1026128,-66.84804,113.7385
2333304,-1026142,-66.84811,113.739
2333290,-1026156,-66.84818,113.7394
2333274,-1026170,-66.84826,113.7398
2333258,-1026184,-66.84834,113.7402
2333243,-1026197,-66.84841,113.7407
2333228,-1026212,-66.84848,113.7411
2333213,-1026225,-66.84856,113.7415
2333197,-1026240,-66.84863,113.7419
2333183,-1026253,-66.8487,113.7424
2333167,-1026267,-66.84878,113.7428
2333151,-1026281,-66.84885,113.7432
2333136,-1026295,-66.84892,113.7436
2333121,-1026309,-66.849,113.7441
2333106,-1026322,-66.84908,113.7445
2333091,-1026337,-66.84914,113.7449
2333076,-1026351,-66.84922,113.7453
2333060,-1026364,-66.8493,113.7458
2333046,-1026379,-66.84937,113.7462
2333030,-1026392,-66.84944,113.7466
2333015,-1026407,-66.84952,113.747
2333000,-1026420,-66.84959,113.7475
2332984,-1026434,-66.84966,113.7479
2332968,-1026448,-66.84974,113.7483
2332954,-1026462,-66.84981,113.7487
2332938,-1026477,-66.84988,113.7492
2332923,-1026490,-66.84996,113.7496
2332908,-1026504,-66.85004,113.75
2332893,-1026518,-66.85011,113.7504
2332877,-1026532,-66.85018,113.7508
2332862,-1026546,-66.85025,113.7513
2332847,-1026560,-66.85033,113.7517
2332831,-1026574,-66.8504,113.7521
2332816,-1026587,-66.85048,113.7525
2332801,-1026602,-66.85055,113.753
2332786,-1026616,-66.85062,113.7534
2332770,-1026629,-66.8507,113.7538
2332756,-1026643,-66.85077,113.7542
2332740,-1026657,-66.85085,113.7547
2332724,-1026671,-66.85092,113.7551
2332710,-1026685,-66.85099,113.7555
2332694,-1026699,-66.85107,113.756
2332678,-1026713,-66.85114,113.7564
2332664,-1026727,-66.85121,113.7568
2332648,-1026741,-66.85129,113.7572
2332633,-1026755,-66.85136,113.7576
2332617,-1026769,-66.85144,113.7581
2332603,-1026783,-66.85151,113.7585
2332588,-1026797,-66.85159,113.7589
2332571,-1026810,-66.85166,113.7593
2332556,-1026825,-66.85173,113.7598
2332541,-1026839,-66.85181,113.7602
2332526,-1026853,-66.85188,113.7606
2332511,-1026866,-66.85195,113.761
2332496,-1026881,-66.85203,113.7615
2332480,-1026894,-66.8521,113.7619
2332466,-1026908,-66.85217,113.7623
2332450,-1026922,-66.85225,113.7627
2332434,-1026936,-66.85233,113.7632
2332419,-1026950,-66.8524,113.7636
2332404,-1026964,-66.85247,113.764
2332389,-1026978,-66.85255,113.7645
2332373,-1026992,-66.85262,113.7649
2332359,-1027006,-66.85269,113.7653
2332343,-1027019,-66.85277,113.7657
2332328,-1027034,-66.85284,113.7662
2332313,-1027048,-66.85291,113.7666
2332297,-1027062,-66.85299,113.767
2332282,-1027076,-66.85307,113.7674
2332267,-1027090,-66.85313,113.7679
2332252,-1027104,-66.85321,113.7683
2332236,-1027118,-66.85329,113.7687
2332221,-1027132,-66.85336,113.7691
2332206,-1027146,-66.85343,113.7696
2332190,-1027160,-66.85351,113.77
2332175,-1027174,-66.85358,113.7704
2332160,-1027187,-66.85365,113.7708
2332144,-1027201,-66.85373,113.7713
2332130,-1027216,-66.8538,113.7717
2332114,-1027230,-66.85387,113.7721
2332099,-1027243,-66.85394,113.7725
2332084,-1027258,-66.85402,113.773
2332068,-1027271,-66.8541,113.7734
2332053,-1027286,-66.85416,113.7738
2332038,-1027299,-66.85424,113.7742
2332022,-1027313,-66.85432,113.7747
2332007,-1027328,-66.85439,113.7751
2331992,-1027341,-66.85446,113.7755
2331976,-1027355,-66.85454,113.776
2331962,-1027370,-66.85461,113.7764
2331946,-1027383,-66.85468,113.7768
2331932,-1027398,-66.85475,113.7772
2331916,-1027412,-66.85483,113.7777
2331902,-1027426,-66.8549,113.7781
2331885,-1027440,-66.85497,113.7785
2331870,-1027454,-66.85505,113.7789
2331856,-1027468,-66.85512,113.7794
2331839,-1027482,-66.85519,113.7798
2331825,-1027496,-66.85526,113.7802
2331810,-1027510,-66.85534,113.7806
2331794,-1027524,-66.85542,113.7811
2331779,-1027538,-66.85548,113.7815
2331763,-1027552,-66.85556,113.7819
2331749,-1027566,-66.85563,113.7823
2331734,-1027580,-66.85571,113.7828
2331718,-1027594,-66.85577,113.7832
2331702,-1027608,-66.85585,113.7836
2331688,-1027622,-66.85592,113.7841
2331673,-1027637,-66.856,113.7845
2331657,-1027651,-66.85607,113.7849
2331642,-1027665,-66.85614,113.7853
2331626,-1027679,-66.85622,113.7858
2331612,-1027693,-66.85629,113.7862
2331597,-1027707,-66.85636,113.7866
2331582,-1027721,-66.85643,113.7871
2331566,-1027735,-66.85651,113.7875
2331551,-1027749,-66.85658,113.7879
2331536,-1027763,-66.85665,113.7883
2331521,-1027777,-66.85672,113.7888
2331506,-1027791,-66.8568,113.7892
2331490,-1027805,-66.85687,113.7896
2331475,-1027819,-66.85694,113.7901
2331459,-1027833,-66.85702,113.7905
2331444,-1027848,-66.85709,113.7909
2331429,-1027862,-66.85716,113.7913
2331414,-1027876,-66.85723,113.7918
2331399,-1027890,-66.85731,113.7922
2331384,-1027904,-66.85738,113.7926
2331369,-1027919,-66.85745,113.7931
2331354,-1027933,-66.85752,113.7935
2331338,-1027946,-66.8576,113.7939
2331322,-1027961,-66.85767,113.7943
2331307,-1027975,-66.85774,113.7948
2331292,-1027989,-66.85782,113.7952
2331278,-1028003,-66.85789,113.7956
2331262,-1028017,-66.85796,113.7961
2331246,-1028031,-66.85803,113.7965
2331232,-1028046,-66.85811,113.7969
2331216,-1028060,-66.85818,113.7973
2331200,-1028074,-66.85825,113.7978
2331185,-1028088,-66.85833,113.7982
2331171,-1028102,-66.8584,113.7986
2331155,-1028116,-66.85847,113.7991
2331140,-1028130,-66.85854,113.7995
2331125,-1028144,-66.85862,113.7999
2331110,-1028158,-66.85869,113.8003
2331094,-1028173,-66.85876,113.8008
2331078,-1028187,-66.85884,113.8012
2331064,-1028201,-66.85891,113.8016
2331048,-1028215,-66.85899,113.8021
2331033,-1028229,-66.85905,113.8025
2331018,-1028243,-66.85913,113.8029
2331003,-1028257,-66.8592,113.8033
2330987,-1028271,-66.85928,113.8038
2330972,-1028286,-66.85935,113.8042
2330958,-1028300,-66.85942,113.8046
2330942,-1028314,-66.8595,113.8051
2330926,-1028328,-66.85957,113.8055
2330911,-1028342,-66.85964,113.8059
2330895,-1028356,-66.85972,113.8064
2330881,-1028371,-66.85979,113.8068
2330865,-1028384,-66.85986,113.8072
2330850,-1028398,-66.85993,113.8076
2330835,-1028412,-66.86001,113.8081
2330819,-1028426,-66.86008,113.8085
2330804,-1028441,-66.86015,113.8089
2330789,-1028455,-66.86023,113.8094
2330773,-1028469,-66.86031,113.8098
2330758,-1028483,-66.86037,113.8102
2330743,-1028498,-66.86045,113.8106
2330728,-1028511,-66.86052,113.8111
2330712,-1028526,-66.8606,113.8115
2330696,-1028539,-66.86067,113.8119
2330682,-1028554,-66.86074,113.8124
2330666,-1028568,-66.86082,113.8128
2330651,-1028582,-66.86089,113.8132
2330636,-1028596,-66.86096,113.8136
2330620,-1028610,-66.86104,113.8141
2330605,-1028624,-66.86111,113.8145
2330590,-1028638,-66.86118,113.8149
2330574,-1028652,-66.86126,113.8154
2330559,-1028666,-66.86134,113.8158
2330544,-1028681,-66.8614,113.8162
2330529,-1028695,-66.86148,113.8167
2330513,-1028709,-66.86156,113.8171
2330498,-1028723,-66.86163,113.8175
2330482,-1028737,-66.8617,113.8179
2330467,-1028751,-66.86178,113.8184
2330452,-1028765,-66.86185,113.8188
2330436,-1028779,-66.86192,113.8192
2330421,-1028793,-66.862,113.8197
2330406,-1028807,-66.86207,113.8201
2330390,-1028822,-66.86214,113.8205
2330374,-1028835,-66.86222,113.8209
2330359,-1028849,-66.8623,113.8214
2330344,-1028863,-66.86237,113.8218
2330329,-1028878,-66.86244,113.8222
2330313,-1028892,-66.86252,113.8227
2330298,-1028906,-66.86259,113.8231
2330283,-1028920,-66.86266,113.8235
2330267,-1028934,-66.86274,113.824
2330252,-1028948,-66.86282,113.8244
2330236,-1028962,-66.86288,113.8248
2330221,-1028976,-66.86296,113.8252
2330206,-1028990,-66.86304,113.8257
2330190,-1029004,-66.86311,113.8261
2330176,-1029018,-66.86318,113.8265
2330160,-1029033,-66.86326,113.827
2330144,-1029047,-66.86333,113.8274
2330128,-1029060,-66.86341,113.8278
2330114,-1029074,-66.86348,113.8282
2330098,-1029089,-66.86356,113.8287
2330082,-1029102,-66.86363,113.8291
2330068,-1029117,-66.8637,113.8295
2330052,-1029131,-66.86378,113.8299
2330037,-1029145,-66.86385,113.8304
2330021,-1029159,-66.86393,113.8308
2330006,-1029173,-66.864,113.8312
2329990,-1029187,-66.86407,113.8317
2329975,-1029201,-66.86415,113.8321
2329960,-1029215,-66.86423,113.8325
2329945,-1029229,-66.8643,113.833
2329928,-1029243,-66.86437,113.8334
2329913,-1029257,-66.86445,113.8338
2329897,-1029271,-66.86452,113.8342
2329883,-1029285,-66.86459,113.8347
2329868,-1029299,-66.86467,113.8351
2329852,-1029313,-66.86475,113.8355
2329836,-1029327,-66.86482,113.836
2329821,-1029341,-66.8649,113.8364
2329806,-1029355,-66.86497,113.8368
2329790,-1029369,-66.86504,113.8372
2329775,-1029383,-66.86512,113.8377
2329759,-1029397,-66.8652,113.8381
2329744,-1029412,-66.86527,113.8385
2329729,-1029426,-66.86534,113.839
2329713,-1029440,-66.86542,113.8394
2329697,-1029453,-66.86549,113.8398
2329682,-1029467,-66.86557,113.8402
2329666,-1029482,-66.86565,113.8407
2329652,-1029496,-66.86572,113.8411
2329636,-1029510,-66.86579,113.8415
2329620,-1029524,-66.86587,113.842
2329605,-1029537,-66.86594,113.8424
2329590,-1029552,-66.86601,113.8428
2329574,-1029565,-66.86609,113.8432
2329558,-1029580,-66.86617,113.8437
2329543,-1029594,-66.86624,113.8441
2329528,-1029607,-66.86632,113.8445
2329512,-1029622,-66.86639,113.845
2329497,-1029636,-66.86646,113.8454
2329481,-1029650,-66.86654,113.8458
2329466,-1029664,-66.86662,113.8462
2329450,-1029678,-66.86669,113.8467
2329435,-1029692,-66.86677,113.8471
2329420,-1029706,-66.86684,113.8475
2329405,-1029720,-66.86691,113.848
2329388,-1029734,-66.86699,113.8484
2329373,-1029747,-66.86707,113.8488
2329359,-1029762,-66.86713,113.8492
2329343,-1029776,-66.86721,113.8497
2329327,-1029790,-66.86729,113.8501
2329311,-1029803,-66.86736,113.8505
2329296,-1029818,-66.86744,113.851
2329282,-1029832,-66.86751,113.8514
2329265,-1029846,-66.86758,113.8518
2329250,-1029860,-66.86766,113.8522
2329234,-1029874,-66.86774,113.8527
2329220,-1029888,-66.86781,113.8531
2329204,-1029902,-66.86788,113.8535
2329189,-1029916,-66.86796,113.854
2329172,-1029930,-66.86803,113.8544
2329158,-1029944,-66.8681,113.8548
2329142,-1029958,-66.86818,113.8552
2329127,-1029972,-66.86826,113.8557
2329111,-1029986,-66.86833,113.8561
2329097,-1030000,-66.8684,113.8565
2329081,-1030015,-66.86848,113.857
2329065,-1030028,-66.86855,113.8574
2329050,-1030042,-66.86863,113.8578
2329035,-1030057,-66.8687,113.8583
2329019,-1030070,-66.86877,113.8587
2329004,-1030084,-66.86885,113.8591
2328989,-1030099,-66.86892,113.8595
2328972,-1030113,-66.869,113.86
2328958,-1030127,-66.86907,113.8604
2328942,-1030140,-66.86915,113.8608
2328927,-1030155,-66.86922,113.8613
2328912,-1030169,-66.86929,113.8617
2328896,-1030183,-66.86937,113.8621
2328882,-1030197,-66.86944,113.8625
2328865,-1030211,-66.86951,113.863
2328850,-1030225,-66.86959,113.8634
2328834,-1030239,-66.86967,113.8638
2328819,-1030253,-66.86974,113.8643
2328804,-1030267,-66.86981,113.8647
2328788,-1030281,-66.86989,113.8651
2328774,-1030295,-66.86996,113.8655
2328758,-1030309,-66.87003,113.866
2328743,-1030323,-66.87011,113.8664
2328726,-1030337,-66.87019,113.8668
2328712,-1030351,-66.87025,113.8673
2328696,-1030365,-66.87033,113.8677
2328681,-1030379,-66.87041,113.8681
2328666,-1030394,-66.87048,113.8685
2328651,-1030408,-66.87055,113.869
2328635,-1030421,-66.87063,113.8694
2328619,-1030435,-66.8707,113.8698
2328604,-1030450,-66.87077,113.8703
2328589,-1030464,-66.87085,113.8707
2328573,-1030478,-66.87093,113.8711
2328558,-1030492,-66.871,113.8716
2328543,-1030506,-66.87107,113.872
2328526,-1030520,-66.87115,113.8724
2328512,-1030534,-66.87122,113.8728
2328496,-1030548,-66.87129,113.8733
2328481,-1030562,-66.87137,113.8737
2328465,-1030576,-66.87144,113.8741
2328450,-1030590,-66.87152,113.8745
2328435,-1030604,-66.87159,113.875
2328419,-1030618,-66.87167,113.8754
2328404,-1030632,-66.87174,113.8758
2328388,-1030645,-66.87182,113.8763
2328373,-1030660,-66.87189,113.8767
2328358,-1030674,-66.87196,113.8771
2328342,-1030688,-66.87204,113.8775
2328327,-1030702,-66.87212,113.878
2328312,-1030716,-66.87218,113.8784
2328297,-1030731,-66.87226,113.8788
2328280,-1030744,-66.87234,113.8793
2328266,-1030759,-66.87241,113.8797
2328249,-1030772,-66.87249,113.8801
2328234,-1030786,-66.87256,113.8806
2328219,-1030800,-66.87263,113.881
2328203,-1030814,-66.87271,113.8814
2328188,-1030828,-66.87279,113.8818
2328173,-1030842,-66.87286,113.8823
2328158,-1030856,-66.87293,113.8827
2328142,-1030871,-66.87301,113.8831
2328126,-1030884,-66.87309,113.8836
2328111,-1030898,-66.87316,113.884
2328095,-1030912,-66.87323,113.8844
2328080,-1030927,-66.87331,113.8848
2328064,-1030940,-66.87338,113.8853
2328049,-1030954,-66.87346,113.8857
2328033,-1030968,-66.87354,113.8861
2328018,-1030982,-66.87361,113.8866
2328003,-1030997,-66.87368,113.887
2327988,-1031010,-66.87376,113.8874
2327972,-1031024,-66.87383,113.8878
2327956,-1031039,-66.87391,113.8883
2327940,-1031052,-66.87399,113.8887
2327926,-1031067,-66.87405,113.8891
2327910,-1031081,-66.87413,113.8896
2327894,-1031095,-66.87421,113.89
2327879,-1031109,-66.87428,113.8904
2327863,-1031122,-66.87436,113.8909
2327847,-1031137,-66.87444,113.8913
2327832,-1031151,-66.87451,113.8917
2327817,-1031165,-66.87458,113.8921
2327802,-1031179,-66.87466,113.8926
2327786,-1031193,-66.87473,113.893
2327770,-1031206,-66.87481,113.8934
2327756,-1031221,-66.87489,113.8939
2327739,-1031234,-66.87496,113.8943
2327724,-1031248,-66.87504,113.8947
2327709,-1031263,-66.87511,113.8951
2327692,-1031276,-66.87518,113.8956
2327678,-1031291,-66.87526,113.896
2327661,-1031305,-66.87534,113.8964
2327646,-1031318,-66.87541,113.8969
2327631,-1031333,-66.87549,113.8973
2327616,-1031347,-66.87556,113.8977
2327600,-1031361,-66.87563,113.8982
2327585,-1031375,-66.87571,113.8986
2327569,-1031388,-66.87579,113.899
2327554,-1031403,-66.87586,113.8994
2327538,-1031416,-66.87594,113.8999
2327522,-1031430,-66.87601,113.9003
2327508,-1031444,-66.87608,113.9007
2327492,-1031458,-66.87616,113.9012
2327476,-1031472,-66.87624,113.9016
2327461,-1031486,-66.87631,113.902
2327445,-1031500,-66.87639,113.9024
2327429,-1031514,-66.87646,113.9029
2327414,-1031528,-66.87654,113.9033
2327399,-1031542,-66.87661,113.9037
2327384,-1031556,-66.87669,113.9042
2327367,-1031570,-66.87676,113.9046
2327352,-1031584,-66.87684,113.905
2327336,-1031598,-66.87691,113.9054
2327321,-1031612,-66.87699,113.9059
2327306,-1031626,-66.87707,113.9063
2327290,-1031639,-66.87714,113.9067
2327275,-1031654,-66.87721,113.9072
2327260,-1031668,-66.87729,113.9076
2327244,-1031682,-66.87737,113.908
2327228,-1031696,-66.87744,113.9084
2327212,-1031710,-66.87752,113.9089
2327197,-1031724,-66.87759,113.9093
2327181,-1031737,-66.87767,113.9097
2327166,-1031751,-66.87775,113.9101
2327151,-1031765,-66.87782,113.9106
2327135,-1031780,-66.87789,113.911
2327120,-1031794,-66.87797,113.9114
2327104,-1031807,-66.87804,113.9119
2327089,-1031821,-66.87812,113.9123
2327073,-1031836,-66.8782,113.9127
2327057,-1031849,-66.87827,113.9131
2327042,-1031862,-66.87835,113.9136
2327027,-1031877,-66.87842,113.914
2327012,-1031891,-66.87849,113.9144
2326996,-1031905,-66.87857,113.9149
2326980,-1031918,-66.87865,113.9153
2326964,-1031932,-66.87872,113.9157
2326949,-1031946,-66.8788,113.9161
2326934,-1031960,-66.87888,113.9166
2326918,-1031974,-66.87895,113.917
2326902,-1031988,-66.87903,113.9174
2326887,-1032002,-66.8791,113.9179
2326872,-1032016,-66.87917,113.9183
2326856,-1032030,-66.87925,113.9187
2326840,-1032043,-66.87933,113.9191
2326825,-1032058,-66.8794,113.9196
2326810,-1032071,-66.87948,113.92
2326794,-1032085,-66.87955,113.9204
2326779,-1032099,-66.87963,113.9208
2326763,-1032113,-66.87971,113.9213
2326747,-1032126,-66.87978,113.9217
2326733,-1032141,-66.87985,113.9221
2326717,-1032155,-66.87993,113.9226
2326702,-1032169,-66.88,113.923
2326686,-1032182,-66.88008,113.9234
2326670,-1032196,-66.88016,113.9238
2326654,-1032210,-66.88023,113.9243
2326639,-1032224,-66.88031,113.9247
2326624,-1032238,-66.88038,113.9251
2326609,-1032252,-66.88046,113.9255
2326593,-1032266,-66.88053,113.926
2326578,-1032280,-66.88061,113.9264
2326563,-1032294,-66.88068,113.9268
2326548,-1032308,-66.88075,113.9272
2326532,-1032322,-66.88083,113.9277
2326516,-1032335,-66.88091,113.9281
2326501,-1032349,-66.88098,113.9285
2326486,-1032363,-66.88106,113.9289
2326471,-1032377,-66.88113,113.9294
2326454,-1032391,-66.8812,113.9298
2326439,-1032405,-66.88128,113.9302
2326424,-1032419,-66.88136,113.9307
2326409,-1032433,-66.88142,113.9311
2326394,-1032446,-66.8815,113.9315
2326378,-1032460,-66.88158,113.9319
2326362,-1032474,-66.88165,113.9324
2326347,-1032488,-66.88172,113.9328
2326332,-1032502,-66.8818,113.9332
2326316,-1032516,-66.88187,113.9336
2326301,-1032530,-66.88195,113.9341
2326286,-1032544,-66.88202,113.9345
2326271,-1032558,-66.8821,113.9349
2326256,-1032572,-66.88216,113.9353
2326240,-1032586,-66.88224,113.9358
2326225,-1032599,-66.88232,113.9362
2326209,-1032613,-66.88239,113.9366
2326194,-1032628,-66.88246,113.937
2326179,-1032641,-66.88254,113.9375
2326162,-1032655,-66.88261,113.9379
2326148,-1032669,-66.88268,113.9383
2326133,-1032683,-66.88276,113.9388
2326118,-1032697,-66.88283,113.9392
2326103,-1032711,-66.8829,113.9396
2326087,-1032724,-66.88298,113.94
2326072,-1032739,-66.88305,113.9405
2326056,-1032752,-66.88313,113.9409
2326040,-1032766,-66.8832,113.9413
2326026,-1032780,-66.88327,113.9417
2326011,-1032795,-66.88335,113.9422
2325995,-1032808,-66.88342,113.9426
2325980,-1032822,-66.88349,113.943
2325965,-1032836,-66.88357,113.9434
2325950,-1032850,-66.88364,113.9439
2325934,-1032864,-66.88371,113.9443
2325918,-1032878,-66.88379,113.9447
2325904,-1032891,-66.88386,113.9451
2325889,-1032906,-66.88393,113.9456
2325874,-1032920,-66.884,113.946
2325858,-1032934,-66.88408,113.9464
2325843,-1032947,-66.88416,113.9468
2325828,-1032962,-66.88422,113.9473
2325812,-1032975,-66.8843,113.9477
2325798,-1032989,-66.88437,113.9481
2325782,-1033003,-66.88445,113.9485
2325766,-1033017,-66.88452,113.949
2325752,-1033032,-66.88459,113.9494
2325736,-1033045,-66.88467,113.9498
2325721,-1033059,-66.88474,113.9503
2325706,-1033073,-66.88481,113.9507
2325691,-1033087,-66.88488,113.9511
2325676,-1033101,-66.88496,113.9515
2325660,-1033115,-66.88503,113.952
2325645,-1033128,-66.8851,113.9524
2325630,-1033142,-66.88518,113.9528
2325614,-1033156,-66.88525,113.9532
2325599,-1033171,-66.88532,113.9537
2325584,-1033184,-66.8854,113.9541
2325569,-1033198,-66.88547,113.9545
2325554,-1033212,-66.88554,113.9549
2325539,-1033226,-66.88561,113.9554
2325522,-1033240,-66.88569,113.9558
2325508,-1033254,-66.88576,113.9562
2325493,-1033268,-66.88583,113.9566
2325477,-1033282,-66.88591,113.9571
2325462,-1033296,-66.88598,113.9575
2325447,-1033309,-66.88605,113.9579
2325432,-1033324,-66.88612,113.9583
2325416,-1033338,-66.8862,113.9588
2325400,-1033351,-66.88628,113.9592
2325386,-1033366,-66.88634,113.9596
2325371,-1033379,-66.88642,113.96
2325356,-1033394,-66.88649,113.9605
2325340,-1033407,-66.88657,113.9609
2325325,-1033421,-66.88663,113.9613
2325310,-1033436,-66.88671,113.9618
2325294,-1033449,-66.88679,113.9622
2325280,-1033463,-66.88686,113.9626
2325263,-1033476,-66.88693,113.963
2325248,-1033491,-66.887,113.9635
2325234,-1033505,-66.88708,113.9639
2325218,-1033518,-66.88715,113.9643
2325203,-1033533,-66.88722,113.9647
2325188,-1033546,-66.8873,113.9652
2325173,-1033561,-66.88737,113.9656
2325158,-1033574,-66.88744,113.966
2325143,-1033588,-66.88751,113.9664
2325127,-1033602,-66.88759,113.9669
2325112,-1033616,-66.88766,113.9673
2325097,-1033630,-66.88773,113.9677
2325081,-1033644,-66.88781,113.9681
2325066,-1033657,-66.88789,113.9686
2325051,-1033672,-66.88795,113.969
2325036,-1033686,-66.88803,113.9694
2325021,-1033700,-66.8881,113.9698
2325005,-1033714,-66.88818,113.9703
2324990,-1033727,-66.88824,113.9707
2324974,-1033741,-66.88832,113.9711
2324959,-1033755,-66.8884,113.9715
2324944,-1033769,-66.88847,113.972
2324929,-1033783,-66.88854,113.9724
2324914,-1033797,-66.88861,113.9728
2324899,-1033811,-66.88869,113.9732
2324882,-1033824,-66.88876,113.9737
2324868,-1033839,-66.88883,113.9741
2324853,-1033852,-66.88891,113.9745
2324837,-1033866,-66.88898,113.9749
2324822,-1033880,-66.88905,113.9754
2324807,-1033894,-66.88913,113.9758
2324792,-1033908,-66.8892,113.9762
2324776,-1033922,-66.88927,113.9766
2324760,-1033936,-66.88935,113.9771
2324746,-1033950,-66.88942,113.9775
2324731,-1033963,-66.8895,113.9779
2324715,-1033977,-66.88957,113.9783
2324700,-1033991,-66.88964,113.9788
2324685,-1034005,-66.88972,113.9792
2324670,-1034019,-66.88979,113.9796
2324654,-1034033,-66.88986,113.98
2324639,-1034046,-66.88994,113.9805
2324624,-1034060,-66.89001,113.9809
2324609,-1034075,-66.89008,113.9813
2324593,-1034088,-66.89016,113.9818
2324577,-1034102,-66.89024,113.9822
2324563,-1034116,-66.8903,113.9826
2324547,-1034130,-66.89038,113.983
2324532,-1034143,-66.89046,113.9834
2324516,-1034157,-66.89053,113.9839
2324501,-1034171,-66.8906,113.9843
2324486,-1034186,-66.89067,113.9847
2324471,-1034199,-66.89075,113.9851
2324455,-1034213,-66.89082,113.9856
2324441,-1034227,-66.89089,113.986
2324425,-1034241,-66.89097,113.9864
2324410,-1034255,-66.89104,113.9868
2324395,-1034268,-66.89111,113.9873
2324379,-1034282,-66.89119,113.9877
2324363,-1034296,-66.89127,113.9881
2324349,-1034310,-66.89133,113.9885
2324334,-1034324,-66.89141,113.989
2324318,-1034337,-66.89149,113.9894
2324303,-1034351,-66.89156,113.9898
2324288,-1034365,-66.89163,113.9902
2324272,-1034379,-66.89171,113.9907
2324257,-1034393,-66.89178,113.9911
2324242,-1034407,-66.89185,113.9915
2324226,-1034420,-66.89193,113.9919
2324212,-1034435,-66.892,113.9924
2324196,-1034449,-66.89207,113.9928
2324180,-1034462,-66.89215,113.9932
2324166,-1034476,-66.89222,113.9936
2324150,-1034490,-66.8923,113.9941
2324134,-1034504,-66.89237,113.9945
2324119,-1034518,-66.89244,113.9949
2324104,-1034532,-66.89252,113.9953
2324090,-1034546,-66.89259,113.9958
2324074,-1034560,-66.89266,113.9962
2324058,-1034573,-66.89274,113.9966
2324044,-1034587,-66.89281,113.997
2324028,-1034601,-66.89288,113.9975
2324012,-1034615,-66.89296,113.9979
2323998,-1034629,-66.89303,113.9983
2323982,-1034642,-66.8931,113.9987
2323966,-1034656,-66.89318,113.9992
2323952,-1034670,-66.89325,113.9996
2323936,-1034684,-66.89333,114
2323920,-1034697,-66.8934,114.0004
2323906,-1034712,-66.89347,114.0009
2323890,-1034725,-66.89355,114.0013
2323874,-1034739,-66.89362,114.0017
2323860,-1034753,-66.89369,114.0021
2323845,-1034767,-66.89377,114.0026
2323830,-1034781,-66.89384,114.003
2323814,-1034795,-66.89391,114.0034
2323798,-1034809,-66.89399,114.0038
2323784,-1034823,-66.89406,114.0043
2323768,-1034837,-66.89413,114.0047
2323753,-1034850,-66.89421,114.0051
2323738,-1034864,-66.89428,114.0055
2323722,-1034878,-66.89436,114.006
2323708,-1034892,-66.89442,114.0064
2323692,-1034906,-66.8945,114.0068
2323676,-1034919,-66.89458,114.0072
2323661,-1034934,-66.89465,114.0077
2323646,-1034947,-66.89472,114.0081
2323631,-1034961,-66.89479,114.0085
2323616,-1034975,-66.89487,114.0089
2323600,-1034989,-66.89494,114.0094
2323586,-1035003,-66.89501,114.0098
2323570,-1035016,-66.89509,114.0102
2323555,-1035030,-66.89516,114.0106
2323540,-1035044,-66.89523,114.0111
2323524,-1035058,-66.89531,114.0115
2323509,-1035072,-66.89538,114.0119
2323494,-1035086,-66.89545,114.0124
2323479,-1035100,-66.89552,114.0128
2323464,-1035114,-66.8956,114.0132
2323448,-1035128,-66.89568,114.0136
2323433,-1035141,-66.89574,114.014
2323418,-1035156,-66.89582,114.0145
2323402,-1035169,-66.89589,114.0149
2323387,-1035183,-66.89597,114.0153
2323372,-1035197,-66.89604,114.0157
2323357,-1035211,-66.89611,114.0162
2323342,-1035225,-66.89619,114.0166
2323327,-1035238,-66.89626,114.017
2323311,-1035252,-66.89633,114.0174
2323295,-1035266,-66.89641,114.0179
2323281,-1035280,-66.89648,114.0183
2323266,-1035294,-66.89655,114.0187
2323250,-1035308,-66.89662,114.0191
2323235,-1035322,-66.8967,114.0196
2323221,-1035335,-66.89677,114.02
2323205,-1035350,-66.89684,114.0204
2323189,-1035363,-66.89692,114.0208
2323174,-1035377,-66.89699,114.0213
2323158,-1035391,-66.89706,114.0217
2323144,-1035405,-66.89713,114.0221
2323128,-1035419,-66.89721,114.0225
2323113,-1035433,-66.89729,114.023
2323098,-1035447,-66.89735,114.0234
2323082,-1035460,-66.89743,114.0238
2323068,-1035474,-66.8975,114.0242
2323052,-1035488,-66.89758,114.0247
2323038,-1035502,-66.89764,114.0251
2323022,-1035516,-66.89772,114.0255
2323006,-1035529,-66.8978,114.0259
2322992,-1035543,-66.89787,114.0264
2322976,-1035557,-66.89794,114.0268
2322961,-1035571,-66.89801,114.0272
2322946,-1035585,-66.89809,114.0276
2322932,-1035599,-66.89816,114.0281
2322916,-1035613,-66.89823,114.0285
2322900,-1035626,-66.89831,114.0289
2322885,-1035641,-66.89838,114.0293
2322870,-1035655,-66.89845,114.0298
2322855,-1035668,-66.89852,114.0302
2322839,-1035683,-66.8986,114.0306
2322824,-1035696,-66.89867,114.031
2322809,-1035710,-66.89874,114.0315
2322793,-1035724,-66.89882,114.0319
2322778,-1035738,-66.89889,114.0323
2322763,-1035751,-66.89896,114.0327
2322748,-1035765,-66.89903,114.0332
2322733,-1035779,-66.89911,114.0336
2322718,-1035793,-66.89918,114.034
2322702,-1035806,-66.89925,114.0344
2322688,-1035820,-66.89932,114.0349
2322673,-1035835,-66.8994,114.0353
2322658,-1035849,-66.89947,114.0357
2322642,-1035862,-66.89954,114.0361
2322627,-1035876,-66.89961,114.0366
2322612,-1035890,-66.89969,114.037
2322596,-1035903,-66.89977,114.0374
2322582,-1035918,-66.89983,114.0378
2322565,-1035931,-66.89991,114.0382
2322550,-1035945,-66.89998,114.0387
2322536,-1035959,-66.90005,114.0391
2322520,-1035973,-66.90012,114.0395
2322505,-1035987,-66.9002,114.0399
2322490,-1036001,-66.90027,114.0404
2322475,-1036014,-66.90034,114.0408
2322460,-1036028,-66.90041,114.0412
2322445,-1036042,-66.90049,114.0416
2322429,-1036055,-66.90057,114.0421
2322414,-1036070,-66.90063,114.0425
2322398,-1036084,-66.90071,114.0429
2322384,-1036098,-66.90078,114.0433
2322368,-1036112,-66.90086,114.0438
2322354,-1036126,-66.90092,114.0442
2322338,-1036139,-66.901,114.0446
2322323,-1036154,-66.90107,114.045
2322308,-1036167,-66.90115,114.0455
2322293,-1036181,-66.90121,114.0459
2322277,-1036194,-66.90129,114.0463
2322262,-1036208,-66.90136,114.0467
2322247,-1036222,-66.90144,114.0472
2322232,-1036236,-66.9015,114.0476
2322217,-1036250,-66.90158,114.048
2322202,-1036264,-66.90165,114.0484
2322187,-1036278,-66.90173,114.0489
2322171,-1036292,-66.90179,114.0493
2322157,-1036305,-66.90187,114.0497
2322142,-1036320,-66.90194,114.0501
2322126,-1036333,-66.90202,114.0506
2322111,-1036347,-66.90208,114.051
2322096,-1036361,-66.90216,114.0514
2322081,-1036375,-66.90223,114.0518
2322065,-1036389,-66.90231,114.0523
2322051,-1036402,-66.90237,114.0527
2322036,-1036417,-66.90244,114.0531
2322020,-1036430,-66.90252,114.0535
2322005,-1036444,-66.90259,114.0539
2321990,-1036458,-66.90266,114.0544
2321975,-1036472,-66.90273,114.0548
2321960,-1036486,-66.9028,114.0552
2321946,-1036500,-66.90287,114.0556
2321930,-1036514,-66.90295,114.0561
2321916,-1036528,-66.90302,114.0565
2321900,-1036542,-66.90308,114.0569
2321884,-1036556,-66.90316,114.0574
2321870,-1036570,-66.90323,114.0578
2321855,-1036584,-66.9033,114.0582
2321840,-1036598,-66.90337,114.0586
2321826,-1036612,-66.90343,114.0591
2321811,-1036626,-66.9035,114.0595
2321795,-1036640,-66.90358,114.0599
2321780,-1036654,-66.90365,114.0603
2321766,-1036668,-66.90372,114.0608
2321751,-1036682,-66.90379,114.0612
2321736,-1036697,-66.90385,114.0616
2321721,-1036711,-66.90392,114.062
2321706,-1036725,-66.90399,114.0625
2321692,-1036739,-66.90406,114.0629
2321677,-1036753,-66.90413,114.0633
2321662,-1036768,-66.9042,114.0638
2321647,-1036781,-66.90427,114.0642
2321632,-1036795,-66.90434,114.0646
2321617,-1036809,-66.9044,114.065
2321602,-1036824,-66.90447,114.0655
2321588,-1036838,-66.90454,114.0659
2321574,-1036852,-66.90461,114.0663
2321559,-1036866,-66.90468,114.0667
2321544,-1036881,-66.90475,114.0672
2321528,-1036894,-66.90482,114.0676
2321514,-1036909,-66.90488,114.068
2321499,-1036923,-66.90495,114.0685
2321484,-1036937,-66.90502,114.0689
2321469,-1036951,-66.90509,114.0693
2321454,-1036966,-66.90516,114.0697
2321440,-1036980,-66.90523,114.0702
2321424,-1036994,-66.9053,114.0706
2321410,-1037008,-66.90536,114.071
2321396,-1037022,-66.90543,114.0714
2321380,-1037036,-66.9055,114.0719
2321366,-1037051,-66.90557,114.0723
2321351,-1037065,-66.90564,114.0727
2321337,-1037080,-66.9057,114.0732
2321322,-1037094,-66.90577,114.0736
2321307,-1037108,-66.90584,114.074
2321292,-1037122,-66.90591,114.0745
2321278,-1037136,-66.90598,114.0749
2321262,-1037150,-66.90604,114.0753
2321247,-1037164,-66.90611,114.0757
2321232,-1037178,-66.90618,114.0762
2321218,-1037193,-66.90625,114.0766
2321203,-1037207,-66.90632,114.077
2321188,-1037221,-66.90639,114.0774
2321173,-1037236,-66.90646,114.0779
2321158,-1037250,-66.90652,114.0783
2321144,-1037264,-66.90659,114.0787
2321129,-1037279,-66.90665,114.0792
2321114,-1037293,-66.90673,114.0796
2321100,-1037307,-66.90679,114.08
2321085,-1037321,-66.90686,114.0805
2321070,-1037335,-66.90693,114.0809
2321055,-1037350,-66.907,114.0813
2321041,-1037364,-66.90707,114.0817
2321026,-1037378,-66.90714,114.0822
2321011,-1037392,-66.9072,114.0826
2320996,-1037407,-66.90727,114.083
2320981,-1037421,-66.90734,114.0835
2320966,-1037435,-66.90741,114.0839
2320950,-1037449,-66.90748,114.0843
2320936,-1037463,-66.90755,114.0847
2320921,-1037478,-66.90762,114.0852
2320907,-1037492,-66.90768,114.0856
2320892,-1037507,-66.90775,114.086
2320877,-1037521,-66.90781,114.0865
2320862,-1037535,-66.90788,114.0869
2320848,-1037549,-66.90795,114.0873
2320833,-1037563,-66.90802,114.0878
2320818,-1037577,-66.90809,114.0882
2320803,-1037592,-66.90816,114.0886
2320788,-1037606,-66.90823,114.089
2320774,-1037621,-66.90829,114.0895
2320759,-1037635,-66.90836,114.0899
2320744,-1037649,-66.90843,114.0903
2320730,-1037663,-66.9085,114.0908
2320714,-1037677,-66.90857,114.0912
2320700,-1037692,-66.90863,114.0916
2320686,-1037706,-66.9087,114.092
2320670,-1037720,-66.90877,114.0925
2320656,-1037735,-66.90884,114.0929
2320640,-1037748,-66.90891,114.0933
2320626,-1037762,-66.90897,114.0938
2320610,-1037777,-66.90904,114.0942
2320596,-1037791,-66.90911,114.0946
2320581,-1037805,-66.90918,114.095
2320566,-1037820,-66.90925,114.0955
2320552,-1037834,-66.90932,114.0959
2320537,-1037848,-66.90939,114.0963
2320522,-1037862,-66.90945,114.0968
2320507,-1037876,-66.90952,114.0972
2320492,-1037891,-66.90959,114.0976
2320478,-1037906,-66.90965,114.0981
2320463,-1037919,-66.90972,114.0985
2320448,-1037934,-66.90979,114.0989
2320433,-1037948,-66.90986,114.0993
2320419,-1037963,-66.90993,114.0998
2320404,-1037977,-66.91,114.1002
2320389,-1037991,-66.91006,114.1006
2320374,-1038005,-66.91013,114.1011
2320359,-1038019,-66.9102,114.1015
2320344,-1038033,-66.91027,114.1019
2320329,-1038047,-66.91034,114.1023
2320315,-1038062,-66.91041,114.1028
2320300,-1038076,-66.91048,114.1032
2320285,-1038091,-66.91055,114.1036
2320270,-1038105,-66.91061,114.1041
2320255,-1038119,-66.91068,114.1045
2320240,-1038133,-66.91075,114.1049
2320225,-1038147,-66.91082,114.1054
2320210,-1038162,-66.91089,114.1058
2320195,-1038176,-66.91096,114.1062
2320181,-1038191,-66.91102,114.1067
2320166,-1038205,-66.91109,114.1071
2320152,-1038219,-66.91116,114.1075
2320136,-1038233,-66.91122,114.1079
2320122,-1038248,-66.91129,114.1084
2320107,-1038261,-66.91136,114.1088
2320092,-1038276,-66.91143,114.1092
2320077,-1038290,-66.9115,114.1097
2320062,-1038304,-66.91157,114.1101
2320048,-1038318,-66.91164,114.1105
2320033,-1038333,-66.91171,114.1109
2320018,-1038348,-66.91177,114.1114
2320003,-1038362,-66.91184,114.1118
2319988,-1038376,-66.91191,114.1122
2319973,-1038390,-66.91198,114.1127
2319958,-1038404,-66.91205,114.1131
2319943,-1038418,-66.91212,114.1135
2319928,-1038432,-66.91219,114.114
2319914,-1038447,-66.91225,114.1144
2319899,-1038461,-66.91232,114.1148
2319884,-1038475,-66.91239,114.1152
2319869,-1038490,-66.91246,114.1157
2319854,-1038504,-66.91253,114.1161
2319840,-1038518,-66.9126,114.1165
2319825,-1038532,-66.91267,114.117
2319810,-1038546,-66.91273,114.1174
2319795,-1038560,-66.9128,114.1178
2319780,-1038575,-66.91287,114.1183
2319764,-1038588,-66.91294,114.1187
2319750,-1038603,-66.91301,114.1191
2319735,-1038617,-66.91308,114.1195
2319720,-1038631,-66.91315,114.12
2319706,-1038646,-66.91322,114.1204
2319691,-1038660,-66.91328,114.1208
2319676,-1038675,-66.91335,114.1213
2319661,-1038689,-66.91342,114.1217
2319646,-1038703,-66.91349,114.1221
2319631,-1038717,-66.91356,114.1226
2319616,-1038731,-66.91363,114.123
2319602,-1038746,-66.9137,114.1234
2319587,-1038760,-66.91376,114.1238
2319572,-1038774,-66.91383,114.1243
2319557,-1038788,-66.9139,114.1247
2319542,-1038802,-66.91397,114.1251
2319526,-1038816,-66.91405,114.1256
2319512,-1038830,-66.91412,114.126
2319496,-1038844,-66.91418,114.1264
2319482,-1038858,-66.91425,114.1268
2319466,-1038873,-66.91432,114.1273
2319452,-1038887,-66.91439,114.1277
2319437,-1038901,-66.91446,114.1281
2319422,-1038915,-66.91453,114.1286
2319408,-1038930,-66.9146,114.129
2319392,-1038944,-66.91467,114.1294
2319378,-1038958,-66.91473,114.1299
2319363,-1038972,-66.9148,114.1303
2319348,-1038987,-66.91487,114.1307
2319333,-1039001,-66.91494,114.1311
2319318,-1039015,-66.91501,114.1316
2319303,-1039029,-66.91508,114.132
2319288,-1039044,-66.91515,114.1324
2319274,-1039058,-66.91521,114.1329
2319259,-1039072,-66.91528,114.1333
2319244,-1039086,-66.91535,114.1337
2319228,-1039100,-66.91543,114.1341
2319213,-1039114,-66.9155,114.1346
2319198,-1039128,-66.91557,114.135
2319183,-1039143,-66.91563,114.1354
2319168,-1039157,-66.9157,114.1359
2319154,-1039171,-66.91577,114.1363
2319139,-1039186,-66.91584,114.1367
2319124,-1039200,-66.91591,114.1372
2319109,-1039214,-66.91598,114.1376
2319094,-1039228,-66.91605,114.138
2319079,-1039242,-66.91611,114.1384
2319064,-1039256,-66.91618,114.1389
2319050,-1039271,-66.91625,114.1393
2319035,-1039285,-66.91632,114.1397
2319020,-1039299,-66.91639,114.1402
2319004,-1039314,-66.91646,114.1406
2318990,-1039328,-66.91653,114.141
2318976,-1039342,-66.9166,114.1415
2318960,-1039356,-66.91666,114.1419
2318946,-1039371,-66.91673,114.1423
2318931,-1039385,-66.9168,114.1427
2318916,-1039399,-66.91687,114.1432
2318900,-1039412,-66.91694,114.1436
2318886,-1039427,-66.91701,114.144
2318871,-1039441,-66.91708,114.1445
2318856,-1039455,-66.91714,114.1449
2318841,-1039470,-66.91721,114.1453
2318826,-1039484,-66.91728,114.1458
2318811,-1039499,-66.91735,114.1462
2318796,-1039513,-66.91742,114.1466
2318782,-1039527,-66.91749,114.147
2318767,-1039541,-66.91756,114.1475
2318752,-1039555,-66.91763,114.1479
2318737,-1039569,-66.91769,114.1483
2318722,-1039584,-66.91776,114.1488
2318708,-1039598,-66.91783,114.1492
2318692,-1039612,-66.9179,114.1496
2318677,-1039626,-66.91797,114.1501
2318662,-1039641,-66.91804,114.1505
2318648,-1039655,-66.91811,114.1509
2318633,-1039669,-66.91817,114.1513
2318618,-1039684,-66.91824,114.1518
2318604,-1039698,-66.9183,114.1522
2318589,-1039712,-66.91837,114.1526
2318574,-1039727,-66.91844,114.1531
2318559,-1039740,-66.91851,114.1535
2318544,-1039755,-66.91858,114.1539
2318529,-1039769,-66.91865,114.1544
2318514,-1039784,-66.91872,114.1548
2318500,-1039798,-66.91879,114.1552
2318485,-1039812,-66.91885,114.1557
2318470,-1039826,-66.91892,114.1561
2318455,-1039840,-66.91899,114.1565
2318440,-1039855,-66.91906,114.1569
2318425,-1039869,-66.91913,114.1574
2318411,-1039884,-66.91919,114.1578
2318396,-1039898,-66.91926,114.1582
2318381,-1039913,-66.91933,114.1587
2318366,-1039926,-66.9194,114.1591
2318351,-1039941,-66.91946,114.1595
2318336,-1039954,-66.91953,114.16
2318321,-1039969,-66.9196,114.1604
2318306,-1039983,-66.91967,114.1608
2318292,-1039997,-66.91974,114.1612
2318278,-1040012,-66.91981,114.1617
2318262,-1040027,-66.91988,114.1621
2318247,-1040041,-66.91994,114.1625
2318232,-1040055,-66.92001,114.163
2318216,-1040068,-66.92009,114.1634
2318202,-1040083,-66.92016,114.1638
2318187,-1040097,-66.92023,114.1643
2318171,-1040111,-66.9203,114.1647
2318157,-1040125,-66.92037,114.1651
2318141,-1040138,-66.92045,114.1655
2318126,-1040152,-66.92052,114.166
2318110,-1040166,-66.92059,114.1664
2318095,-1040180,-66.92067,114.1668
2318079,-1040193,-66.92075,114.1672
2318064,-1040207,-66.92082,114.1677
2318048,-1040221,-66.9209,114.1681
2318032,-1040234,-66.92098,114.1685
2318016,-1040247,-66.92106,114.1689
2318001,-1040260,-66.92113,114.1693
2317985,-1040274,-66.92122,114.1698
2317968,-1040287,-66.9213,114.1702
2317953,-1040300,-66.92138,114.1706
2317937,-1040313,-66.92146,114.171
2317921,-1040326,-66.92155,114.1714
2317904,-1040339,-66.92163,114.1719
2317888,-1040352,-66.92171,114.1723
2317872,-1040365,-66.9218,114.1727
2317856,-1040378,-66.92188,114.1731
2317840,-1040390,-66.92197,114.1735
2317823,-1040403,-66.92206,114.1739
2317806,-1040415,-66.92214,114.1743
2317790,-1040428,-66.92223,114.1747
2317774,-1040441,-66.92232,114.1751
2317756,-1040453,-66.92241,114.1756
2317741,-1040465,-66.92249,114.176
2317724,-1040478,-66.92258,114.1764
2317707,-1040490,-66.92268,114.1768
2317690,-1040503,-66.92277,114.1772
2317673,-1040515,-66.92286,114.1776
2317656,-1040527,-66.92295,114.178
2317640,-1040540,-66.92304,114.1784
2317622,-1040551,-66.92314,114.1788
2317605,-1040563,-66.92323,114.1792
2317589,-1040576,-66.92332,114.1796
2317571,-1040587,-66.92342,114.18
2317554,-1040600,-66.92352,114.1805
2317537,-1040612,-66.92361,114.1809
2317519,-1040624,-66.92371,114.1813
2317502,-1040636,-66.9238,114.1817
2317486,-1040648,-66.9239,114.1821
2317468,-1040660,-66.92399,114.1825
2317451,-1040672,-66.92409,114.1829
2317433,-1040683,-66.92419,114.1833
2317416,-1040695,-66.92428,114.1837
2317398,-1040707,-66.92438,114.1841
2317381,-1040718,-66.92448,114.1845
2317364,-1040731,-66.92458,114.1849
2317346,-1040742,-66.92467,114.1853
2317328,-1040754,-66.92477,114.1857
2317312,-1040766,-66.92487,114.1861
2317294,-1040777,-66.92496,114.1865
2317276,-1040788,-66.92506,114.1869
2317258,-1040800,-66.92517,114.1873
2317242,-1040812,-66.92527,114.1877
2317224,-1040824,-66.92537,114.1881
2317207,-1040835,-66.92546,114.1885
2317188,-1040847,-66.92557,114.1889
2317171,-1040858,-66.92567,114.1893
2317154,-1040870,-66.92577,114.1897
2317136,-1040882,-66.92587,114.1901
2317118,-1040894,-66.92596,114.1905
2317100,-1040904,-66.92607,114.1909
2317083,-1040916,-66.92617,114.1913
2317066,-1040927,-66.92627,114.1917
2317048,-1040940,-66.92637,114.1921
2317030,-1040951,-66.92648,114.1925
2317012,-1040962,-66.92657,114.1929
2316995,-1040973,-66.92667,114.1933
2316977,-1040986,-66.92677,114.1937
2316959,-1040997,-66.92688,114.1941
2316941,-1041008,-66.92698,114.1945
2316924,-1041020,-66.92708,114.1949
2316906,-1041031,-66.92719,114.1953
2316888,-1041043,-66.92728,114.1957
2316870,-1041054,-66.92738,114.1961
2316853,-1041066,-66.92749,114.1965
2316834,-1041077,-66.92759,114.1969
2316817,-1041088,-66.92769,114.1973
2316800,-1041100,-66.92779,114.1977
2316782,-1041112,-66.92789,114.1981
2316764,-1041124,-66.92799,114.1985
2316746,-1041135,-66.92809,114.1989
2316728,-1041146,-66.92819,114.1993
2316710,-1041158,-66.9283,114.1997
2316693,-1041170,-66.9284,114.2001
2316675,-1041181,-66.9285,114.2005
2316658,-1041192,-66.9286,114.2009
2316640,-1041204,-66.9287,114.2013
2316623,-1041216,-66.9288,114.2017
2316604,-1041228,-66.9289,114.2021
2316587,-1041239,-66.929,114.2025
2316569,-1041251,-66.92911,114.2029
2316552,-1041263,-66.92921,114.2034
2316534,-1041274,-66.92931,114.2038
2316516,-1041285,-66.92941,114.2042
2316498,-1041298,-66.92951,114.2046
2316480,-1041309,-66.92961,114.205
2316463,-1041320,-66.92971,114.2054
2316445,-1041332,-66.92981,114.2058
2316427,-1041344,-66.92991,114.2062
2316410,-1041356,-66.93001,114.2066
2316392,-1041368,-66.93011,114.207
2316374,-1041379,-66.93021,114.2074
2316356,-1041391,-66.93031,114.2078
2316338,-1041402,-66.93041,114.2082
2316321,-1041414,-66.93051,114.2086
2316304,-1041427,-66.93061,114.209
2316286,-1041438,-66.93071,114.2094
2316268,-1041450,-66.93081,114.2098
2316250,-1041462,-66.93091,114.2102
2316233,-1041474,-66.93101,114.2106
2316216,-1041485,-66.93111,114.2111
2316198,-1041497,-66.93121,114.2115
2316180,-1041509,-66.9313,114.2119
2316162,-1041521,-66.9314,114.2123
2316145,-1041533,-66.9315,114.2127
2316127,-1041544,-66.9316,114.2131
2316110,-1041556,-66.9317,114.2135
2316091,-1041568,-66.93181,114.2139
2316073,-1041580,-66.93191,114.2143
2316056,-1041592,-66.93201,114.2147
2316038,-1041604,-66.93211,114.2151
2316021,-1041616,-66.93221,114.2155
2316003,-1041628,-66.9323,114.2159
2315986,-1041639,-66.9324,114.2163
2315968,-1041652,-66.9325,114.2168
2315950,-1041663,-66.9326,114.2172
2315933,-1041675,-66.9327,114.2176
2315915,-1041687,-66.9328,114.218
2315897,-1041699,-66.9329,114.2184
2315880,-1041711,-66.933,114.2188
2315862,-1041722,-66.9331,114.2192
2315844,-1041734,-66.9332,114.2196
2315827,-1041747,-66.9333,114.22
2315809,-1041758,-66.9334,114.2204
2315792,-1041770,-66.93349,114.2208
2315774,-1041782,-66.93359,114.2212
2315755,-1041794,-66.9337,114.2217
2315738,-1041806,-66.93379,114.2221
2315720,-1041818,-66.93389,114.2225
2315703,-1041830,-66.93399,114.2229
2315685,-1041842,-66.9341,114.2233
2315666,-1041853,-66.9342,114.2237
2315649,-1041865,-66.9343,114.2241
2315632,-1041877,-66.93439,114.2245
2315614,-1041889,-66.93449,114.2249
2315597,-1041901,-66.93459,114.2253
2315579,-1041913,-66.93469,114.2257
2315561,-1041925,-66.93479,114.2262
2315543,-1041938,-66.93489,114.2266
2315526,-1041949,-66.93499,114.227
2315508,-1041961,-66.93509,114.2274
2315490,-1041973,-66.93519,114.2278
2315472,-1041985,-66.93529,114.2282
2315455,-1041997,-66.93539,114.2286
2315437,-1042009,-66.93549,114.229
2315419,-1042021,-66.93559,114.2294
2315402,-1042033,-66.93568,114.2299
2315384,-1042045,-66.93578,114.2303
2315367,-1042057,-66.93588,114.2307
2315349,-1042070,-66.93598,114.2311
2315331,-1042081,-66.93608,114.2315
2315313,-1042093,-66.93618,114.2319
2315295,-1042105,-66.93628,114.2323
2315278,-1042117,-66.93638,114.2327
2315260,-1042129,-66.93648,114.2331
2315243,-1042141,-66.93658,114.2336
2315225,-1042154,-66.93668,114.234
2315207,-1042165,-66.93678,114.2344
2315190,-1042178,-66.93687,114.2348
2315172,-1042190,-66.93697,114.2352
2315154,-1042202,-66.93707,114.2356
2315136,-1042214,-66.93717,114.236
2315118,-1042225,-66.93727,114.2364
2315101,-1042238,-66.93736,114.2368
2315083,-1042249,-66.93747,114.2373
2315066,-1042262,-66.93757,114.2377
2315048,-1042274,-66.93767,114.2381
2315031,-1042286,-66.93776,114.2385
2315012,-1042298,-66.93787,114.2389
2314994,-1042310,-66.93797,114.2393
2314977,-1042322,-66.93806,114.2397
2314960,-1042334,-66.93816,114.2401
2314941,-1042346,-66.93826,114.2406
2314924,-1042359,-66.93836,114.241
2314906,-1042370,-66.93846,114.2414
2314888,-1042382,-66.93856,114.2418
2314870,-1042395,-66.93866,114.2422
2314853,-1042406,-66.93876,114.2426
2314835,-1042418,-66.93886,114.243
2314818,-1042430,-66.93896,114.2434
2314799,-1042442,-66.93906,114.2439
2314781,-1042454,-66.93916,114.2443
2314763,-1042466,-66.93927,114.2447
2314745,-1042477,-66.93937,114.2451
2314727,-1042489,-66.93948,114.2455
2314709,-1042501,-66.93958,114.2459
2314691,-1042512,-66.93968,114.2463
2314672,-1042524,-66.93979,114.2467
2314654,-1042535,-66.93989,114.2471
2314636,-1042547,-66.93999,114.2475
2314618,-1042558,-66.9401,114.2479
2314600,-1042569,-66.94021,114.2483
2314580,-1042581,-66.94032,114.2487
2314562,-1042592,-66.94043,114.2491
2314544,-1042602,-66.94054,114.2495
2314526,-1042614,-66.94064,114.2499
2314507,-1042625,-66.94076,114.2503
2314488,-1042636,-66.94086,114.2507
2314470,-1042646,-66.94098,114.2511
2314451,-1042657,-66.94109,114.2515
2314432,-1042667,-66.94121,114.2519
2314414,-1042678,-66.94131,114.2523
2314395,-1042689,-66.94143,114.2527
2314376,-1042699,-66.94154,114.2531
2314356,-1042709,-66.94167,114.2535
2314337,-1042719,-66.94178,114.2538
2314318,-1042730,-66.94189,114.2542
2314299,-1042740,-66.94202,114.2546
2314280,-1042750,-66.94213,114.255
2314260,-1042760,-66.94225,114.2554
2314241,-1042770,-66.94238,114.2558
2314222,-1042780,-66.94249,114.2561
2314203,-1042790,-66.94261,114.2565
2314184,-1042799,-66.94273,114.2569
2314164,-1042809,-66.94286,114.2573
2314144,-1042818,-66.94298,114.2577
2314124,-1042827,-66.94311,114.258
2314105,-1042836,-66.94323,114.2584
2314084,-1042846,-66.94336,114.2588
2314066,-1042855,-66.94348,114.2591
2314045,-1042864,-66.94361,114.2595
2314026,-1042873,-66.94373,114.2599
2314006,-1042882,-66.94386,114.2603
2313986,-1042891,-66.94399,114.2606
2313966,-1042899,-66.94412,114.261
2313946,-1042908,-66.94425,114.2613
2313926,-1042916,-66.94438,114.2617
2313906,-1042925,-66.94451,114.2621
2313887,-1042934,-66.94464,114.2624
2313866,-1042942,-66.94478,114.2628
2313846,-1042950,-66.94491,114.2631
2313826,-1042958,-66.94504,114.2635
2313805,-1042966,-66.94518,114.2639
2313784,-1042974,-66.94531,114.2642
2313765,-1042983,-66.94544,114.2646
2313744,-1042990,-66.94558,114.2649
2313724,-1042998,-66.94572,114.2653
2313703,-1043006,-66.94585,114.2656
2313683,-1043014,-66.94599,114.266
2313664,-1043022,-66.94612,114.2663
2313643,-1043029,-66.94626,114.2666
2313621,-1043036,-66.9464,114.267
2313602,-1043044,-66.94654,114.2673
2313580,-1043051,-66.94668,114.2677
2313560,-1043058,-66.94682,114.268
2313539,-1043066,-66.94696,114.2684
2313519,-1043073,-66.9471,114.2687
2313499,-1043080,-66.94724,114.269
2313478,-1043088,-66.94738,114.2694
2313458,-1043095,-66.94752,114.2697
2313436,-1043101,-66.94766,114.2701
2313416,-1043108,-66.9478,114.2704
2313395,-1043116,-66.94794,114.2707
2313374,-1043122,-66.94809,114.2711
2313352,-1043129,-66.94823,114.2714
2313332,-1043136,-66.94837,114.2717
2313311,-1043142,-66.94852,114.2721
2313291,-1043149,-66.94866,114.2724
2313270,-1043155,-66.94881,114.2727
2313249,-1043162,-66.94895,114.273
2313228,-1043168,-66.9491,114.2734
2313208,-1043175,-66.94924,114.2737
2313186,-1043181,-66.94939,114.274
2313164,-1043187,-66.94954,114.2743
2313144,-1043194,-66.94968,114.2747
2313123,-1043200,-66.94983,114.275
2313102,-1043207,-66.94997,114.2753
2313080,-1043212,-66.95013,114.2756
2313060,-1043218,-66.95027,114.276
2313039,-1043224,-66.95042,114.2763
2313017,-1043230,-66.95057,114.2766
2312996,-1043236,-66.95072,114.2769
2312976,-1043242,-66.95087,114.2772
2312954,-1043248,-66.95102,114.2775
2312934,-1043254,-66.95116,114.2779
2312912,-1043259,-66.95132,114.2782
2312891,-1043265,-66.95147,114.2785
2312870,-1043271,-66.95161,114.2788
2312848,-1043276,-66.95177,114.2791
2312827,-1043282,-66.95192,114.2794
2312806,-1043288,-66.95207,114.2797
2312785,-1043293,-66.95222,114.2801
2312764,-1043299,-66.95237,114.2804
2312742,-1043304,-66.95252,114.2807
2312720,-1043310,-66.95267,114.281
2312700,-1043315,-66.95283,114.2813
2312679,-1043321,-66.95297,114.2816
2312657,-1043326,-66.95313,114.2819
2312636,-1043332,-66.95328,114.2822
2312614,-1043337,-66.95343,114.2825
2312594,-1043342,-66.95358,114.2828
2312572,-1043348,-66.95374,114.2831
2312551,-1043353,-66.95389,114.2835
2312530,-1043359,-66.95404,114.2838
2312508,-1043364,-66.95419,114.2841
2312487,-1043369,-66.95435,114.2844
2312466,-1043374,-66.9545,114.2847
2312444,-1043380,-66.95465,114.285
2312423,-1043385,-66.9548,114.2853
2312402,-1043390,-66.95496,114.2856
2312380,-1043396,-66.95511,114.2859
2312359,-1043400,-66.95526,114.2862
2312338,-1043406,-66.95541,114.2865
2312316,-1043411,-66.95557,114.2868
2312296,-1043417,-66.95572,114.2871
2312274,-1043422,-66.95587,114.2874
2312253,-1043427,-66.95602,114.2878
2312232,-1043432,-66.95618,114.2881
2312210,-1043438,-66.95633,114.2884
2312190,-1043443,-66.95647,114.2887
2312168,-1043448,-66.95663,114.289
2312146,-1043454,-66.95679,114.2893
2312126,-1043459,-66.95693,114.2896
2312105,-1043464,-66.95708,114.2899
2312082,-1043469,-66.95724,114.2902
2312062,-1043474,-66.95739,114.2905
2312041,-1043480,-66.95754,114.2908
2312019,-1043485,-66.9577,114.2911
2311998,-1043491,-66.95785,114.2914
2311976,-1043496,-66.958,114.2917
2311955,-1043501,-66.95815,114.292
2311934,-1043507,-66.95831,114.2923
2311912,-1043511,-66.95846,114.2926
2311892,-1043517,-66.95861,114.293
2311870,-1043522,-66.95876,114.2933
2311849,-1043528,-66.95892,114.2936
2311828,-1043532,-66.95907,114.2939
2311807,-1043539,-66.95921,114.2942
2311786,-1043544,-66.95937,114.2945
2311764,-1043549,-66.95952,114.2948
2311743,-1043554,-66.95967,114.2951
2311722,-1043560,-66.95982,114.2954
NaN,NaN,NaN,NaN
NaN,NaN,NaN,NaN
NaN,NaN,NaN,NaN
NaN,NaN,NaN,NaN
NaN,NaN,NaN,NaN
NaN,NaN,NaN,NaN
NaN,NaN,NaN,NaN
NaN,NaN,NaN,NaN
NaN,NaN,NaN,NaN
NaN,NaN,NaN,NaN
