2400060,-953213.8,-66.55237,111.6611
2400077,-953199.5,-66.55227,111.6607
2400096,-953185.6,-66.55216,111.6602
2400114,-953171.4,-66.55206,111.6598
2400132,-953156.7,-66.55196,111.6594
2400150,-953142.4,-66.55186,111.6589
2400168,-953128.8,-66.55175,111.6585
2400186,-953114.4,-66.55165,111.658
2400206,-953100.4,-66.55154,111.6576
2400223,-953085.6,-66.55145,111.6571
2400242,-953071.8,-66.55134,111.6567
2400260,-953057.4,-66.55123,111.6563
2400277,-953043,-66.55113,111.6558
2400296,-953028.5,-66.55103,111.6554
2400314,-953014.7,-66.55093,111.6549
2400333,-953000.7,-66.55082,111.6545
2400351,-952985.9,-66.55072,111.654
2400368,-952971.8,-66.55062,111.6536
2400387,-952957.8,-66.55051,111.6532
2400405,-952943.4,-66.55042,111.6527
2400423,-952929.1,-66.55031,111.6523
2400442,-952915.2,-66.55021,111.6518
2400459,-952901,-66.5501,111.6514
2400478,-952886.5,-66.55,111.6509
2400496,-952872.2,-66.5499,111.6505
2400514,-952857.6,-66.5498,111.6501
2400533,-952844.4,-66.54969,111.6496
2400551,-952829.4,-66.54959,111.6492
2400569,-952815.4,-66.54948,111.6487
2400586,-952801.1,-66.54939,111.6483
2400604,-952786.4,-66.54929,111.6479
2400622,-952772.1,-66.54918,111.6474
2400641,-952758.1,-66.54908,111.647
2400660,-952744.4,-66.54897,111.6465
2400677,-952729.1,-66.54887,111.6461
2400696,-952716.1,-66.54877,111.6456
2400714,-952701.2,-66.54867,111.6452
2400732,-952687.2,-66.54856,111.6448
2400750,-952673,-66.54846,111.6443
2400768,-952658.4,-66.54836,111.6439
2400786,-952644.3,-66.54826,111.6434
2400804,-952629.9,-66.54816,111.643
2400823,-952616,-66.54805,111.6425
2400840,-952601.6,-66.54795,111.6421
2400859,-952587.9,-66.54784,111.6417
2400877,-952573.6,-66.54774,111.6412
2400895,-952559,-66.54764,111.6408
2400913,-952544.9,-66.54754,111.6403
2400931,-952530.9,-66.54744,111.6399
2400949,-952516.8,-66.54733,111.6395
2400967,-952501.6,-66.54723,111.639
2400986,-952487.9,-66.54713,111.6386
2401003,-952473.5,-66.54703,111.6381
2401021,-952459.5,-66.54693,111.6377
2401040,-952445.4,-66.54682,111.6373
2401057,-952431.1,-66.54672,111.6368
2401076,-952416.9,-66.54662,111.6364
2401094,-952403.3,-66.54652,111.6359
2401112,-952388.4,-66.54641,111.6355
2401130,-952374.6,-66.54631,111.6351
2401148,-952360,-66.54621,111.6346
2401166,-952345.9,-66.5461,111.6342
2401184,-952331.7,-66.54601,111.6337
2401203,-952317.9,-66.5459,111.6333
2401220,-952303.6,-66.5458,111.6329
2401239,-952288.9,-66.54569,111.6324
2401257,-952274.9,-66.54559,111.632
2401274,-952260.5,-66.54549,111.6315
2401292,-952246.5,-66.54539,111.6311
2401312,-952232.8,-66.54529,111.6306
2401329,-952217.8,-66.54519,111.6302
2401347,-952203.8,-66.54508,111.6298
2401365,-952189.8,-66.54498,111.6293
2401383,-952175.4,-66.54488,111.6289
2401401,-952161.4,-66.54478,111.6284
2401418,-952147,-66.54468,111.628
2401438,-952132.8,-66.54457,111.6276
2401456,-952118.7,-66.54447,111.6271
2401474,-952104.6,-66.54436,111.6267
2401492,-952090.2,-66.54427,111.6262
2401509,-952076.1,-66.54417,111.6258
2401528,-952061.9,-66.54406,111.6254
2401546,-952048.1,-66.54396,111.6249
2401564,-952033.6,-66.54386,111.6245
2401582,-952019.2,-66.54375,111.624
2401600,-952005.7,-66.54366,111.6236
2401618,-951991.1,-66.54355,111.6232
2401636,-951976.6,-66.54345,111.6227
2401654,-951962.7,-66.54334,111.6223
2401672,-951948.6,-66.54324,111.6218
2401690,-951934.2,-66.54314,111.6214
2401709,-951920.5,-66.54304,111.621
2401726,-951905.6,-66.54294,111.6205
2401744,-951892.2,-66.54284,111.6201
2401763,-951877.8,-66.54273,111.6196
2401780,-951863.5,-66.54263,111.6192
2401798,-951849.4,-66.54253,111.6188
2401816,-951835.1,-66.54243,111.6183
2401834,-951821,-66.54233,111.6179
2401852,-951807.2,-66.54222,111.6175
2401870,-951792.9,-66.54212,111.617
2401888,-951778.5,-66.54202,111.6166
2401907,-951764.8,-66.54192,111.6161
2401924,-951750.4,-66.54182,111.6157
2401943,-951736.1,-66.54171,111.6153
2401961,-951722.8,-66.54161,111.6148
2401978,-951707.8,-66.54151,111.6144
2401997,-951693.9,-66.5414,111.6139
2402015,-951679.8,-66.54131,111.6135
2402032,-951665.6,-66.54121,111.6131
2402051,-951651.8,-66.5411,111.6126
2402068,-951637.1,-66.541,111.6122
2402087,-951623.1,-66.54089,111.6117
2402105,-951609.1,-66.54079,111.6113
2402123,-951595.3,-66.5407,111.6109
2402141,-951580.9,-66.54059,111.6104
2402159,-951567,-66.54049,111.61
2402176,-951552.8,-66.54039,111.6096
2402195,-951539,-66.54028,111.6091
2402212,-951524.1,-66.54018,111.6087
2402230,-951510.3,-66.54008,111.6082
2402249,-951496.7,-66.53998,111.6078
2402266,-951482.2,-66.53988,111.6074
2402285,-951468.5,-66.53977,111.6069
2402303,-951454.4,-66.53967,111.6065
2402320,-951440,-66.53957,111.6061
2402338,-951426.1,-66.53947,111.6056
2402357,-951411.9,-66.53937,111.6052
2402375,-951397.6,-66.53927,111.6047
2402392,-951383.3,-66.53917,111.6043
2402411,-951369.4,-66.53906,111.6039
2402428,-951355.1,-66.53896,111.6034
2402446,-951341.1,-66.53886,111.603
2402464,-951327.2,-66.53876,111.6026
2402482,-951313,-66.53866,111.6021
2402500,-951298.6,-66.53856,111.6017
2402518,-951284.8,-66.53845,111.6012
2402536,-951270.8,-66.53835,111.6008
2402554,-951256.4,-66.53825,111.6004
2402572,-951242.6,-66.53815,111.5999
2402590,-951228.6,-66.53805,111.5995
2402608,-951214.5,-66.53795,111.5991
2402626,-951200.4,-66.53784,111.5986
2402644,-951186.3,-66.53774,111.5982
2402662,-951172.4,-66.53764,111.5978
2402681,-951158.6,-66.53754,111.5973
2402698,-951143.9,-66.53744,111.5969
2402715,-951129.9,-66.53734,111.5964
2402734,-951116.1,-66.53723,111.596
2402752,-951102,-66.53713,111.5956
2402769,-951087.6,-66.53703,111.5951
2402787,-951073.6,-66.53693,111.5947
2402806,-951059.5,-66.53683,111.5943
2402823,-951045.4,-66.53673,111.5938
2402841,-951030.8,-66.53663,111.5934
2402859,-951016.8,-66.53652,111.5929
2402877,-951002.7,-66.53642,111.5925
2402895,-950988.6,-66.53632,111.5921
2402913,-950974.6,-66.53622,111.5916
2402931,-950960.5,-66.53612,111.5912
2402948,-950946.4,-66.53602,111.5908
2402967,-950932.3,-66.53591,111.5903
2402985,-950918.2,-66.53581,111.5899
2403002,-950903.9,-66.53571,111.5894
2403020,-950889.8,-66.53561,111.589
2403038,-950875.8,-66.53551,111.5886
2403057,-950861.8,-66.53541,111.5881
2403074,-950847.7,-66.53531,111.5877
2403092,-950833.6,-66.53521,111.5873
2403111,-950819.6,-66.5351,111.5868
2403128,-950805.5,-66.535,111.5864
2403145,-950791.1,-66.5349,111.586
2403164,-950777.2,-66.5348,111.5855
2403182,-950762.9,-66.5347,111.5851
2403199,-950748.9,-66.5346,111.5846
2403218,-950735.1,-66.53449,111.5842
2403236,-950720.8,-66.53439,111.5838
2403254,-950706.4,-66.53429,111.5833
2403272,-950692.2,-66.53419,111.5829
2403290,-950678.2,-66.53409,111.5825
2403308,-950664.2,-66.53399,111.582
2403326,-950650.1,-66.53388,111.5816
2403343,-950635.8,-66.53378,111.5811
2403361,-950621.7,-66.53368,111.5807
2403380,-950607.9,-66.53358,111.5803
2403397,-950592.9,-66.53348,111.5798
2403415,-950579.4,-66.53338,111.5794
2403432,-950565.2,-66.53328,111.5789
2403451,-950550.8,-66.53317,111.5785
2403469,-950536.4,-66.53307,111.5781
2403486,-950522.9,-66.53297,111.5776
2403505,-950508.5,-66.53287,111.5772
2403523,-950494.2,-66.53277,111.5768
2403542,-950480.4,-66.53266,111.5763
2403560,-950466.4,-66.53256,111.5759
2403577,-950452,-66.53246,111.5754
2403596,-950437.9,-66.53236,111.575
2403613,-950423.6,-66.53226,111.5746
2403631,-950409.4,-66.53216,111.5741
2403648,-950395.3,-66.53206,111.5737
2403667,-950381.2,-66.53195,111.5732
2403685,-950367.2,-66.53185,111.5728
2403702,-950352.9,-66.53175,111.5724
2403721,-950338.2,-66.53165,111.5719
2403739,-950324.1,-66.53155,111.5715
2403757,-950310.8,-66.53144,111.5711
2403774,-950295.9,-66.53134,111.5706
2403792,-950281.6,-66.53124,111.5702
2403811,-950267.9,-66.53114,111.5697
2403829,-950253.9,-66.53104,111.5693
2403846,-950239.2,-66.53094,111.5689
2403865,-950225.2,-66.53083,111.5684
2403883,-950211.2,-66.53073,111.568
2403900,-950196.9,-66.53063,111.5675
2403919,-950183.1,-66.53053,111.5671
2403936,-950168.4,-66.53043,111.5667
2403955,-950154.3,-66.53033,111.5662
2403973,-950140.3,-66.53022,111.5658
2403991,-950126.1,-66.53012,111.5654
2404009,-950111.6,-66.53001,111.5649
2404027,-950097.4,-66.52991,111.5645
2404044,-950083.1,-66.52982,111.564
2404063,-950069.3,-66.52971,111.5636
2404081,-950054.9,-66.52961,111.5631
2404100,-950041.1,-66.5295,111.5627
2404117,-950026.7,-66.5294,111.5623
2404135,-950011.7,-66.5293,111.5618
2404154,-949997.9,-66.5292,111.5614
2404172,-949983.9,-66.5291,111.561
2404189,-949969.3,-66.529,111.5605
2404208,-949955.5,-66.52889,111.5601
2404226,-949940.9,-66.52879,111.5596
2404244,-949927.4,-66.52869,111.5592
2404262,-949912.4,-66.52859,111.5587
2404280,-949898.3,-66.52848,111.5583
2404298,-949883.9,-66.52838,111.5579
2404316,-949870.1,-66.52827,111.5574
2404334,-949856,-66.52818,111.557
2404352,-949841.1,-66.52807,111.5565
2404371,-949827,-66.52797,111.5561
2404389,-949813,-66.52787,111.5557
2404407,-949798.5,-66.52776,111.5552
2404424,-949783.6,-66.52766,111.5548
2404443,-949769.5,-66.52756,111.5543
2404461,-949755.6,-66.52746,111.5539
2404478,-949741,-66.52736,111.5534
2404498,-949726.6,-66.52725,111.553
2404515,-949712.1,-66.52715,111.5526
2404534,-949698.2,-66.52705,111.5521
2404552,-949683.9,-66.52695,111.5517
2404570,-949669,-66.52684,111.5512
2404588,-949654.2,-66.52674,111.5508
2404606,-949640.2,-66.52663,111.5503
2404625,-949625.8,-66.52654,111.5499
2404644,-949611.8,-66.52643,111.5494
2404661,-949596.8,-66.52633,111.549
2404680,-949582.6,-66.52622,111.5485
2404698,-949567.9,-66.52612,111.5481
2404716,-949553,-66.52602,111.5476
2404734,-949538.7,-66.52592,111.5472
2404753,-949524.6,-66.52581,111.5468
2404770,-949509.3,-66.52571,111.5463
2404789,-949495.5,-66.5256,111.5459
2404807,-949480.5,-66.52551,111.5454
2404826,-949466.8,-66.5254,111.545
2404844,-949451.6,-66.5253,111.5445
2404862,-949437.2,-66.52519,111.5441
2404880,-949422.9,-66.52509,111.5436
2404898,-949407.9,-66.52499,111.5432
2404918,-949393.6,-66.52488,111.5427
2404936,-949379.1,-66.52478,111.5423
2404953,-949363.9,-66.52468,111.5418
2404972,-949350.1,-66.52457,111.5414
2404990,-949335.1,-66.52447,111.5409
2405009,-949320.1,-66.52437,111.5405
2405028,-949306.1,-66.52426,111.54
2405047,-949291.4,-66.52415,111.5396
2405064,-949276.8,-66.52406,111.5391
2405082,-949262.1,-66.52395,111.5387
2405100,-949247.7,-66.52385,111.5382
2405120,-949233.1,-66.52374,111.5378
2405137,-949217.7,-66.52364,111.5373
2405156,-949203.7,-66.52354,111.5368
2405175,-949189.3,-66.52343,111.5364
2405193,-949173.9,-66.52333,111.5359
2405211,-949159.4,-66.52322,111.5355
2405230,-949145,-66.52312,111.535
2405248,-949130,-66.52302,111.5346
2405267,-949115.6,-66.52291,111.5341
2405286,-949101.1,-66.5228,111.5337
2405304,-949086.6,-66.52271,111.5332
2405322,-949071.7,-66.5226,111.5328
2405342,-949056.8,-66.52249,111.5323
2405360,-949042,-66.52239,111.5319
2405378,-949027.7,-66.52229,111.5314
2405397,-949013,-66.52218,111.531
2405416,-948998.2,-66.52207,111.5305
2405434,-948983.1,-66.52197,111.5301
2405452,-948968.9,-66.52187,111.5296
2405470,-948953.9,-66.52176,111.5291
2405490,-948939.4,-66.52165,111.5287
2405508,-948924.1,-66.52155,111.5282
2405526,-948910.1,-66.52145,111.5278
2405545,-948894.8,-66.52134,111.5273
2405564,-948880.3,-66.52123,111.5269
2405582,-948865.1,-66.52113,111.5264
2405601,-948850.8,-66.52103,111.526
2405620,-948835.6,-66.52092,111.5255
2405638,-948821.4,-66.52081,111.525
2405658,-948806.7,-66.52071,111.5246
2405675,-948791.4,-66.52061,111.5241
2405694,-948776.5,-66.5205,111.5237
2405712,-948761.7,-66.52039,111.5232
2405732,-948747.3,-66.52029,111.5228
2405750,-948732.6,-66.52018,111.5223
2405769,-948717.8,-66.52007,111.5219
2405787,-948702.6,-66.51997,111.5214
2405806,-948687.9,-66.51987,111.5209
2405824,-948672.6,-66.51976,111.5205
2405843,-948657.9,-66.51965,111.52
2405862,-948643.2,-66.51955,111.5196
2405881,-948628.4,-66.51945,111.5191
2405900,-948613.1,-66.51934,111.5186
2405918,-948598.4,-66.51923,111.5182
2405937,-948584.2,-66.51913,111.5177
2405956,-948569.2,-66.51902,111.5173
2405975,-948554.2,-66.51891,111.5168
2405994,-948539.7,-66.51881,111.5163
2406012,-948524.1,-66.51871,111.5159
2406030,-948509.1,-66.5186,111.5154
2406049,-948493.9,-66.51849,111.515
2406068,-948479.5,-66.51839,111.5145
2406087,-948464.6,-66.51828,111.5141
2406106,-948449.9,-66.51817,111.5136
2406125,-948434.4,-66.51807,111.5131
2406144,-948419.2,-66.51796,111.5127
2406162,-948404.9,-66.51785,111.5122
2406180,-948389.8,-66.51775,111.5117
2406200,-948374.8,-66.51764,111.5113
2406218,-948360,-66.51754,111.5108
2406238,-948344.8,-66.51743,111.5104
2406256,-948329.8,-66.51733,111.5099
2406275,-948314.8,-66.51722,111.5094
2406295,-948300.3,-66.51711,111.509
2406313,-948284.9,-66.51701,111.5085
2406332,-948270.2,-66.5169,111.5081
2406351,-948255.2,-66.51679,111.5076
2406369,-948239.9,-66.51669,111.5071
2406388,-948224.9,-66.51659,111.5067
2406407,-948210.1,-66.51647,111.5062
2406427,-948194.9,-66.51637,111.5057
2406444,-948179.8,-66.51627,111.5053
2406463,-948164.6,-66.51616,111.5048
2406482,-948149.6,-66.51605,111.5043
2406501,-948134.2,-66.51595,111.5039
2406520,-948119.6,-66.51584,111.5034
2406539,-948104.8,-66.51573,111.503
2406558,-948089.1,-66.51562,111.5025
2406577,-948074.2,-66.51552,111.502
2406596,-948059.2,-66.51541,111.5016
2406614,-948044.2,-66.5153,111.5011
2406634,-948029.2,-66.5152,111.5006
2406653,-948014.5,-66.51509,111.5002
2406671,-947999.2,-66.51498,111.4997
2406690,-947983.9,-66.51488,111.4992
2406709,-947968.5,-66.51477,111.4988
2406728,-947953.7,-66.51466,111.4983
2406747,-947938.8,-66.51456,111.4978
2406766,-947923.2,-66.51445,111.4974
2406786,-947908.1,-66.51434,111.4969
2406804,-947893.3,-66.51424,111.4965
2406823,-947877.6,-66.51413,111.496
2406842,-947862.7,-66.51402,111.4955
2406861,-947847.7,-66.51392,111.495
2406880,-947832.5,-66.51381,111.4946
2406899,-947817.8,-66.5137,111.4941
2406918,-947802.2,-66.5136,111.4937
2406937,-947786.9,-66.51349,111.4932
2406956,-947772,-66.51338,111.4927
2406976,-947756.8,-66.51328,111.4923
2406994,-947741.8,-66.51316,111.4918
2407014,-947726.9,-66.51305,111.4913
2407032,-947711.9,-66.51295,111.4909
2407051,-947696.9,-66.51284,111.4904
2407070,-947680.9,-66.51273,111.4899
2407089,-947666,-66.51263,111.4895
2407108,-947650.7,-66.51252,111.489
2407127,-947635.4,-66.51241,111.4885
2407146,-947620.4,-66.51231,111.4881
2407165,-947605.6,-66.5122,111.4876
2407184,-947590.1,-66.51209,111.4871
2407203,-947575,-66.51199,111.4867
2407223,-947559.6,-66.51187,111.4862
2407242,-947544.8,-66.51176,111.4857
2407261,-947529.5,-66.51166,111.4853
2407280,-947514.4,-66.51155,111.4848
2407299,-947499.2,-66.51144,111.4843
2407318,-947483.9,-66.51134,111.4838
2407337,-947468.9,-66.51123,111.4834
2407356,-947453,-66.51112,111.4829
2407375,-947437.6,-66.51102,111.4824
2407394,-947423.2,-66.51091,111.482
2407413,-947407.8,-66.5108,111.4815
2407432,-947392.6,-66.51069,111.481
2407451,-947377,-66.51058,111.4806
2407471,-947361.9,-66.51048,111.4801
2407490,-947346.4,-66.51037,111.4796
2407508,-947331.2,-66.51026,111.4792
2407528,-947316.2,-66.51015,111.4787
2407548,-947301.6,-66.51004,111.4782
2407566,-947286.2,-66.50993,111.4778
2407585,-947270.6,-66.50983,111.4773
2407605,-947255.4,-66.50972,111.4768
2407624,-947240.4,-66.50961,111.4763
2407642,-947225.1,-66.50951,111.4759
2407662,-947209.6,-66.50939,111.4754
2407681,-947194,-66.50928,111.4749
2407700,-947179.6,-66.50918,111.4745
2407720,-947164.1,-66.50907,111.474
2407738,-947148.2,-66.50896,111.4735
2407757,-947133.2,-66.50886,111.4731
2407776,-947118.2,-66.50875,111.4726
2407796,-947102.8,-66.50864,111.4721
2407815,-947087.6,-66.50853,111.4716
2407834,-947072.7,-66.50842,111.4712
2407854,-947057.4,-66.50832,111.4707
2407872,-947041.8,-66.50821,111.4702
2407892,-947026.6,-66.5081,111.4698
2407910,-947011.3,-66.508,111.4693
2407929,-946995.8,-66.50789,111.4688
2407948,-946980.3,-66.50777,111.4684
2407968,-946965.2,-66.50767,111.4679
2407987,-946950.1,-66.50756,111.4674
2408006,-946934.8,-66.50745,111.467
2408025,-946919.1,-66.50735,111.4665
2408044,-946904.2,-66.50724,111.466
2408063,-946889.1,-66.50713,111.4655
2408082,-946873.5,-66.50703,111.4651
2408102,-946858.2,-66.50691,111.4646
2408122,-946843.2,-66.50681,111.4641
2408140,-946827.9,-66.5067,111.4637
2408159,-946812.6,-66.50659,111.4632
2408179,-946796.8,-66.50648,111.4627
2408197,-946781.4,-66.50638,111.4622
2408216,-946766.4,-66.50627,111.4618
2408236,-946750.9,-66.50616,111.4613
2408255,-946736,-66.50605,111.4608
2408274,-946720.4,-66.50594,111.4604
2408293,-946705.1,-66.50584,111.4599
2408312,-946689.5,-66.50573,111.4594
2408331,-946674.4,-66.50562,111.459
2408350,-946659.2,-66.50552,111.4585
2408369,-946643.9,-66.50541,111.458
2408389,-946628.9,-66.50529,111.4575
2408409,-946613.7,-66.50519,111.4571
2408427,-946598,-66.50508,111.4566
2408446,-946582.8,-66.50497,111.4561
2408464,-946567.4,-66.50487,111.4557
2408484,-946552.2,-66.50476,111.4552
2408503,-946536.9,-66.50465,111.4547
2408522,-946521.8,-66.50455,111.4543
2408541,-946506,-66.50444,111.4538
2408560,-946491.1,-66.50433,111.4533
2408580,-946475.5,-66.50422,111.4528
2408599,-946460.6,-66.50411,111.4524
2408618,-946444.6,-66.50401,111.4519
2408637,-946429.6,-66.5039,111.4514
2408656,-946414.6,-66.50379,111.451
2408674,-946398.7,-66.50368,111.4505
2408695,-946383.5,-66.50357,111.45
2408714,-946368.5,-66.50346,111.4496
2408733,-946353.6,-66.50336,111.4491
2408752,-946337.6,-66.50325,111.4486
2408771,-946322.6,-66.50314,111.4481
2408790,-946307.8,-66.50304,111.4477
2408809,-946291.8,-66.50293,111.4472
2408829,-946277.1,-66.50282,111.4467
2408847,-946261.8,-66.50271,111.4463
2408866,-946246.4,-66.5026,111.4458
2408885,-946230.9,-66.50249,111.4453
2408906,-946216.2,-66.50238,111.4449
2408924,-946200.9,-66.50227,111.4444
2408944,-946185.3,-66.50217,111.4439
2408962,-946170,-66.50206,111.4435
2408982,-946154.3,-66.50195,111.443
2409001,-946139.4,-66.50184,111.4425
2409020,-946124.8,-66.50173,111.442
2409040,-946109.5,-66.50163,111.4416
2409058,-946093.4,-66.50152,111.4411
2409077,-946078.5,-66.50141,111.4406
2409097,-946063.4,-66.5013,111.4402
2409116,-946048.2,-66.50119,111.4397
2409134,-946032.5,-66.50108,111.4392
2409154,-946017.6,-66.50098,111.4388
2409174,-946002.1,-66.50087,111.4383
2409192,-945986.9,-66.50076,111.4378
2409212,-945971.9,-66.50065,111.4373
2409230,-945956.7,-66.50054,111.4369
2409250,-945941.5,-66.50043,111.4364
2409270,-945925.9,-66.50032,111.4359
2409289,-945911.2,-66.50021,111.4355
2409307,-945895.8,-66.50011,111.435
2409327,-945881,-66.49999,111.4345
2409346,-945865.2,-66.49989,111.4341
2409365,-945849.8,-66.49978,111.4336
2409385,-945834.9,-66.49966,111.4331
2409404,-945820.2,-66.49956,111.4327
2409423,-945804.6,-66.49945,111.4322
2409443,-945789.6,-66.49934,111.4317
2409461,-945774.2,-66.49923,111.4313
2409481,-945759.3,-66.49912,111.4308
2409500,-945743.9,-66.49901,111.4303
2409520,-945729,-66.4989,111.4299
2409538,-945714,-66.49879,111.4294
2409558,-945698.3,-66.49868,111.4289
2409578,-945683.4,-66.49857,111.4284
2409597,-945668,-66.49847,111.428
2409616,-945653.6,-66.49835,111.4275
2409635,-945638,-66.49825,111.427
2409655,-945623.2,-66.49813,111.4266
2409674,-945608.2,-66.49802,111.4261
2409693,-945593.3,-66.49792,111.4257
2409712,-945577.2,-66.4978,111.4252
2409732,-945562.7,-66.4977,111.4247
2409752,-945547.7,-66.49758,111.4242
2409770,-945532.6,-66.49747,111.4238
2409790,-945517.7,-66.49736,111.4233
2409809,-945502.5,-66.49725,111.4228
2409827,-945486.9,-66.49715,111.4224
2409847,-945472.5,-66.49703,111.4219
2409866,-945457.2,-66.49693,111.4214
2409886,-945441.9,-66.49681,111.421
2409905,-945426.9,-66.4967,111.4205
2409925,-945412.2,-66.49659,111.4201
2409944,-945397.1,-66.49648,111.4196
2409964,-945382,-66.49637,111.4191
2409983,-945367.7,-66.49626,111.4187
2410002,-945352.4,-66.49615,111.4182
2410022,-945337.1,-66.49604,111.4177
2410041,-945322.6,-66.49593,111.4173
2410060,-945307,-66.49582,111.4168
2410080,-945292,-66.4957,111.4163
2410098,-945277,-66.4956,111.4159
2410118,-945262.3,-66.49548,111.4154
2410138,-945246.9,-66.49538,111.4149
2410157,-945232,-66.49526,111.4145
2410176,-945217.1,-66.49515,111.414
2410196,-945202.5,-66.49504,111.4135
2410214,-945187.4,-66.49493,111.4131
2410234,-945172.3,-66.49482,111.4126
2410254,-945157.3,-66.49471,111.4121
2410273,-945142.6,-66.4946,111.4117
2410293,-945128,-66.49448,111.4112
2410312,-945112.3,-66.49437,111.4107
2410331,-945097.8,-66.49426,111.4103
2410351,-945082.8,-66.49415,111.4098
2410370,-945068.2,-66.49404,111.4094
2410390,-945052.8,-66.49393,111.4089
2410409,-945037.8,-66.49382,111.4084
2410428,-945023.2,-66.49371,111.408
2410447,-945007.6,-66.4936,111.4075
2410467,-944992.9,-66.49348,111.407
2410487,-944978.2,-66.49337,111.4066
2410506,-944963.2,-66.49326,111.4061
2410526,-944947.9,-66.49315,111.4056
2410544,-944933.1,-66.49304,111.4052
2410564,-944918.1,-66.49293,111.4047
2410583,-944903.4,-66.49282,111.4043
2410603,-944888.3,-66.49271,111.4038
2410622,-944873.1,-66.49259,111.4033
2410641,-944858.6,-66.49249,111.4029
2410660,-944843.3,-66.49238,111.4024
2410680,-944828.2,-66.49226,111.4019
2410700,-944813.5,-66.49215,111.4015
2410718,-944798.5,-66.49204,111.401
2410739,-944783.5,-66.49193,111.4005
2410757,-944768.3,-66.49182,111.4001
2410777,-944753.7,-66.49171,111.3996
2410795,-944738.4,-66.4916,111.3991
2410814,-944723.6,-66.49149,111.3987
2410834,-944708.3,-66.49138,111.3982
2410854,-944693.4,-66.49126,111.3977
2410873,-944678.6,-66.49116,111.3973
2410892,-944663.5,-66.49105,111.3968
2410912,-944648.2,-66.49094,111.3963
2410931,-944633.3,-66.49083,111.3959
2410950,-944618.4,-66.49072,111.3954
2410969,-944603.3,-66.49061,111.3949
2410989,-944588.6,-66.49049,111.3945
2411008,-944573,-66.49039,111.394
2411026,-944558.5,-66.49028,111.3936
2411047,-944543.5,-66.49017,111.3931
2411066,-944528.8,-66.49006,111.3926
2411085,-944513.8,-66.48994,111.3922
2411104,-944498.6,-66.48984,111.3917
2411124,-944483.9,-66.48972,111.3912
2411142,-944468.3,-66.48962,111.3908
2411162,-944453.9,-66.48951,111.3903
2411181,-944438.6,-66.4894,111.3898
2411200,-944423.2,-66.48929,111.3894
2411220,-944408.7,-66.48917,111.3889
2411239,-944393.4,-66.48907,111.3885
2411257,-944378.6,-66.48896,111.388
2411278,-944363.5,-66.48885,111.3875
2411296,-944348,-66.48874,111.3871
2411315,-944333.3,-66.48863,111.3866
2411335,-944318.5,-66.48852,111.3861
2411354,-944303.2,-66.48841,111.3857
2411373,-944288.5,-66.4883,111.3852
2411392,-944273.4,-66.48819,111.3847
2411412,-944258.7,-66.48808,111.3843
2411431,-944243.4,-66.48797,111.3838
2411450,-944228.7,-66.48786,111.3833
2411469,-944213.4,-66.48775,111.3829
2411489,-944198.4,-66.48764,111.3824
2411508,-944183.2,-66.48753,111.382
2411526,-944168.2,-66.48743,111.3815
2411545,-944153.1,-66.48732,111.381
2411565,-944137.8,-66.48721,111.3806
2411584,-944123.1,-66.4871,111.3801
2411602,-944107.8,-66.48699,111.3796
2411622,-944093.2,-66.48688,111.3792
2411642,-944077.9,-66.48677,111.3787
2411660,-944063.1,-66.48666,111.3782
2411680,-944047.9,-66.48655,111.3778
2411699,-944033.4,-66.48644,111.3773
2411718,-944017.8,-66.48634,111.3768
2411737,-944002.8,-66.48623,111.3764
2411756,-943988,-66.48612,111.3759
2411776,-943973.3,-66.48601,111.3755
2411794,-943957.8,-66.4859,111.375
2411813,-943942.5,-66.48579,111.3745
2411832,-943928.1,-66.48568,111.3741
2411852,-943912.7,-66.48557,111.3736
2411871,-943897.6,-66.48547,111.3731
2411889,-943882.3,-66.48536,111.3727
2411909,-943867.9,-66.48524,111.3722
2411928,-943852.2,-66.48514,111.3717
2411948,-943837.6,-66.48503,111.3713
2411966,-943822.2,-66.48492,111.3708
2411986,-943807.7,-66.48481,111.3704
2412004,-943792.2,-66.4847,111.3699
2412023,-943777.2,-66.4846,111.3694
2412042,-943762,-66.48449,111.369
2412062,-943747.8,-66.48438,111.3685
2412081,-943732.2,-66.48427,111.368
2412100,-943717.1,-66.48416,111.3676
2412119,-943702.4,-66.48405,111.3671
2412138,-943687.3,-66.48394,111.3667
2412157,-943672.3,-66.48383,111.3662
2412177,-943657.8,-66.48372,111.3657
2412196,-943642.4,-66.48361,111.3653
2412214,-943627.8,-66.48351,111.3648
2412234,-943612.1,-66.4834,111.3643
2412253,-943597.4,-66.48328,111.3639
2412272,-943582.6,-66.48318,111.3634
2412290,-943567.2,-66.48307,111.363
2412310,-943552.4,-66.48296,111.3625
2412330,-943537.7,-66.48285,111.362
2412349,-943522.8,-66.48274,111.3616
2412369,-943507.6,-66.48263,111.3611
2412387,-943492.8,-66.48252,111.3606
2412406,-943477.6,-66.48241,111.3602
2412425,-943463,-66.4823,111.3597
2412444,-943447.8,-66.48219,111.3593
2412463,-943432.9,-66.48209,111.3588
2412483,-943418.2,-66.48197,111.3583
2412502,-943403.1,-66.48186,111.3579
2412520,-943388,-66.48176,111.3574
2412540,-943373.3,-66.48164,111.3569
2412559,-943358.5,-66.48154,111.3565
2412578,-943343.6,-66.48143,111.356
2412598,-943328.8,-66.48132,111.3556
2412616,-943313.7,-66.48121,111.3551
2412635,-943298.9,-66.4811,111.3546
2412654,-943284.2,-66.48099,111.3542
2412674,-943268.9,-66.48088,111.3537
2412694,-943254.3,-66.48077,111.3533
2412712,-943239.6,-66.48066,111.3528
2412731,-943224.4,-66.48055,111.3523
2412751,-943209.8,-66.48044,111.3519
2412769,-943194.4,-66.48033,111.3514
2412789,-943179.9,-66.48022,111.351
2412808,-943164.6,-66.48011,111.3505
2412827,-943150.1,-66.48,111.35
2412846,-943135.3,-66.47989,111.3496
2412866,-943120.6,-66.47978,111.3491
2412885,-943105.8,-66.47967,111.3486
2412904,-943090.8,-66.47956,111.3482
2412922,-943075.3,-66.47945,111.3477
2412942,-943061.2,-66.47934,111.3473
2412962,-943045.8,-66.47923,111.3468
2412980,-943031.1,-66.47913,111.3463
2413000,-943016.1,-66.47901,111.3459
2413018,-943000.9,-66.4789,111.3454
2413038,-942986.2,-66.47879,111.345
2413057,-942971.4,-66.47868,111.3445
2413076,-942956.6,-66.47858,111.344
2413095,-942942.2,-66.47846,111.3436
2413114,-942926.8,-66.47836,111.3431
2413134,-942912.6,-66.47824,111.3427
2413152,-942897.5,-66.47813,111.3422
2413171,-942882.7,-66.47803,111.3418
2413190,-942867.7,-66.47791,111.3413
2413210,-942852.9,-66.47781,111.3408
2413228,-942838.2,-66.4777,111.3404
2413249,-942823.4,-66.47758,111.3399
2413267,-942808.3,-66.47748,111.3394
2413286,-942793.1,-66.47737,111.339
2413305,-942778.6,-66.47726,111.3385
2413324,-942763.2,-66.47715,111.3381
2413344,-942748.9,-66.47704,111.3376
2413363,-942734.4,-66.47693,111.3372
2413381,-942719.4,-66.47682,111.3367
2413401,-942704.7,-66.47671,111.3362
2413419,-942689.4,-66.4766,111.3358
2413439,-942674.9,-66.47649,111.3353
2413458,-942660,-66.47639,111.3349
2413478,-942645.3,-66.47627,111.3344
2413496,-942629.9,-66.47617,111.3339
2413515,-942615.2,-66.47606,111.3335
2413535,-942601.1,-66.47594,111.333
2413554,-942585.8,-66.47584,111.3326
2413573,-942571.3,-66.47572,111.3321
2413592,-942556.4,-66.47562,111.3316
2413610,-942541.5,-66.47551,111.3312
2413630,-942526.7,-66.4754,111.3307
2413649,-942511.9,-66.47529,111.3303
2413668,-942497.2,-66.47518,111.3298
2413686,-942482.1,-66.47507,111.3294
2413706,-942467.3,-66.47496,111.3289
2413725,-942452.3,-66.47485,111.3284
2413744,-942438.1,-66.47475,111.328
2413764,-942422.9,-66.47463,111.3275
2413782,-942408.2,-66.47453,111.3271
2413801,-942393.4,-66.47442,111.3266
2413820,-942378.5,-66.47431,111.3262
2413839,-942363.2,-66.4742,111.3257
2413858,-942348.8,-66.47409,111.3252
2413877,-942334,-66.47398,111.3248
2413895,-942319.2,-66.47388,111.3243
2413915,-942304.4,-66.47376,111.3239
2413934,-942289.7,-66.47366,111.3234
2413953,-942275.5,-66.47355,111.323
2413972,-942260.1,-66.47344,111.3225
2413992,-942245,-66.47333,111.322
2414010,-942230.5,-66.47322,111.3216
2414028,-942215.8,-66.47311,111.3211
2414048,-942200.9,-66.47301,111.3207
2414068,-942186.4,-66.47289,111.3202
2414086,-942171.3,-66.47279,111.3197
2414105,-942156.9,-66.47268,111.3193
2414124,-942142.2,-66.47257,111.3188
2414142,-942126.8,-66.47247,111.3184
2414161,-942112.3,-66.47236,111.3179
2414180,-942097.5,-66.47224,111.3175
2414200,-942082.4,-66.47214,111.317
2414218,-942068.1,-66.47203,111.3166
2414237,-942052.6,-66.47192,111.3161
2414255,-942038.3,-66.47182,111.3156
2414274,-942022.9,-66.47171,111.3152
2414294,-942008.8,-66.4716,111.3147
2414313,-941994,-66.47149,111.3143
2414332,-941979.6,-66.47138,111.3138
2414350,-941963.8,-66.47128,111.3134
2414369,-941949.1,-66.47117,111.3129
2414388,-941934.9,-66.47106,111.3124
2414406,-941919.8,-66.47095,111.312
2414426,-941905,-66.47085,111.3115
2414444,-941890.2,-66.47074,111.3111
2414463,-941875.4,-66.47063,111.3106
2414482,-941860.6,-66.47053,111.3102
2414500,-941845.8,-66.47042,111.3097
2414519,-941830.8,-66.47031,111.3092
2414538,-941816.6,-66.47021,111.3088
2414557,-941801.2,-66.4701,111.3083
2414576,-941786.6,-66.46999,111.3079
2414594,-941771.6,-66.46989,111.3074
2414614,-941757.2,-66.46978,111.307
2414632,-941741.9,-66.46967,111.3065
2414651,-941727.6,-66.46957,111.3061
2414669,-941712.4,-66.46946,111.3056
2414688,-941697.7,-66.46935,111.3052
2414707,-941682.8,-66.46924,111.3047
2414726,-941667.8,-66.46914,111.3042
2414744,-941653.6,-66.46903,111.3038
2414763,-941638.7,-66.46893,111.3033
2414782,-941623.4,-66.46882,111.3029
2414800,-941608.9,-66.46871,111.3024
2414820,-941594.8,-66.46861,111.302
2414838,-941579.6,-66.4685,111.3015
2414857,-941564.6,-66.46839,111.3011
2414876,-941549.8,-66.46828,111.3006
2414894,-941535,-66.46818,111.3001
2414913,-941520.8,-66.46807,111.2997
2414931,-941505.3,-66.46796,111.2992
2414950,-941490.6,-66.46786,111.2988
2414968,-941475.5,-66.46776,111.2983
2414987,-941461.3,-66.46765,111.2979
2415006,-941446.5,-66.46754,111.2974
2415024,-941431.1,-66.46744,111.297
2415043,-941416.9,-66.46733,111.2965
2415062,-941402.1,-66.46722,111.2961
2415080,-941387.4,-66.46712,111.2956
2415100,-941372.6,-66.46701,111.2952
2415117,-941357.5,-66.46691,111.2947
2415136,-941342.6,-66.4668,111.2942
2415154,-941327.9,-66.4667,111.2938
2415173,-941313,-66.46659,111.2933
2415192,-941298.8,-66.46648,111.2929
2415210,-941283.8,-66.46638,111.2924
2415229,-941269.6,-66.46627,111.292
2415248,-941254.4,-66.46617,111.2915
2415266,-941240.2,-66.46606,111.2911
2415284,-941225.2,-66.46596,111.2906
2415304,-941210.4,-66.46585,111.2902
2415322,-941195.6,-66.46574,111.2897
2415340,-941181.1,-66.46564,111.2893
2415358,-941165.9,-66.46554,111.2888
2415377,-941151.2,-66.46543,111.2884
2415396,-941136.9,-66.46532,111.2879
2415414,-941122.2,-66.46522,111.2875
2415434,-941107.1,-66.46511,111.287
2415451,-941092.6,-66.46501,111.2866
2415469,-941078.2,-66.4649,111.2861
2415488,-941063.2,-66.4648,111.2857
2415507,-941048.4,-66.46469,111.2852
2415525,-941033.9,-66.46459,111.2848
2415544,-941019.4,-66.46449,111.2843
2415562,-941004.4,-66.46438,111.2839
2415581,-940990.2,-66.46427,111.2834
2415599,-940974.8,-66.46417,111.283
2415617,-940960.8,-66.46407,111.2825
2415636,-940945.7,-66.46396,111.2821
2415655,-940930.9,-66.46385,111.2816
2415673,-940916.7,-66.46375,111.2812
2415692,-940902.5,-66.46365,111.2807
2415710,-940887.1,-66.46354,111.2803
2415729,-940873.1,-66.46343,111.2798
2415746,-940858.1,-66.46333,111.2794
2415765,-940843.8,-66.46323,111.2789
2415784,-940828.8,-66.46312,111.2785
2415802,-940814.5,-66.46301,111.278
2415820,-940799.4,-66.46291,111.2776
2415839,-940785.3,-66.46281,111.2771
2415858,-940770.4,-66.4627,111.2767
2415876,-940756.2,-66.46259,111.2762
2415894,-940741.9,-66.46249,111.2758
2415912,-940727.1,-66.46239,111.2753
2415931,-940712.1,-66.46228,111.2749
2415950,-940698.2,-66.46217,111.2744
2415968,-940684,-66.46207,111.274
2415987,-940668.8,-66.46196,111.2735
2416005,-940654.7,-66.46186,111.2731
2416023,-940639.5,-66.46175,111.2727
2416042,-940625.6,-66.46165,111.2722
2416060,-940610.7,-66.46154,111.2718
2416079,-940596.6,-66.46143,111.2713
2416097,-940582,-66.46133,111.2709
2416116,-940567.6,-66.46123,111.2704
2416134,-940552.9,-66.46112,111.27
2416152,-940538.7,-66.46101,111.2695
2416170,-940524.2,-66.46091,111.2691
2416189,-940509.8,-66.46081,111.2686
2416208,-940495.5,-66.4607,111.2682
2416226,-940480.8,-66.46059,111.2678
2416244,-940466.8,-66.46049,111.2673
2416262,-940451.9,-66.46039,111.2669
2416281,-940437.3,-66.46028,111.2664
2416299,-940422.8,-66.46017,111.266
2416318,-940408.9,-66.46007,111.2655
2416336,-940394.4,-66.45997,111.2651
2416355,-940379.9,-66.45986,111.2646
2416373,-940365.4,-66.45975,111.2642
2416391,-940351.4,-66.45965,111.2638
2416410,-940336.6,-66.45954,111.2633
2416428,-940322.3,-66.45943,111.2629
2416446,-940307.7,-66.45934,111.2624
2416464,-940293.6,-66.45923,111.262
2416484,-940279.1,-66.45912,111.2615
2416502,-940264.6,-66.45901,111.2611
2416520,-940250.6,-66.45891,111.2607
2416538,-940235.8,-66.45881,111.2602
2416557,-940221.5,-66.4587,111.2598
2416576,-940206.9,-66.4586,111.2593
2416594,-940193.4,-66.45849,111.2589
2416612,-940178.6,-66.45838,111.2584
2416631,-940164.4,-66.45827,111.258
2416648,-940149.6,-66.45818,111.2575
2416667,-940135.6,-66.45807,111.2571
2416686,-940121.7,-66.45796,111.2567
2416704,-940106.9,-66.45786,111.2562
2416722,-940092.5,-66.45775,111.2558
2416740,-940078.1,-66.45765,111.2553
2416759,-940064.1,-66.45754,111.2549
2416777,-940049,-66.45744,111.2544
2416796,-940035.1,-66.45733,111.254
2416815,-940020.6,-66.45722,111.2536
2416832,-940006.2,-66.45712,111.2531
2416852,-939992.1,-66.45701,111.2527
2416870,-939977.9,-66.45691,111.2522
2416888,-939963.9,-66.4568,111.2518
2416906,-939949.3,-66.4567,111.2514
2416925,-939934.8,-66.45659,111.2509
2416944,-939920.9,-66.45648,111.2505
2416962,-939906.5,-66.45638,111.25
2416981,-939891.8,-66.45627,111.2496
2416999,-939878.2,-66.45616,111.2491
2417017,-939863.5,-66.45605,111.2487
2417036,-939849.7,-66.45595,111.2483
2417054,-939835.1,-66.45584,111.2478
2417073,-939820.9,-66.45573,111.2474
2417092,-939807.1,-66.45563,111.2469
2417109,-939792.4,-66.45553,111.2465
2417129,-939778.2,-66.45541,111.246
2417148,-939764.2,-66.45531,111.2456
2417165,-939749.4,-66.45521,111.2452
2417182,-939735.4,-66.4551,111.2447
2417203,-939721.2,-66.45499,111.2443
2417221,-939706.9,-66.45488,111.2439
2417238,-939692.4,-66.45478,111.2434
2417257,-939678.2,-66.45467,111.243
2417276,-939664.2,-66.45456,111.2425
2417295,-939649.6,-66.45445,111.2421
2417313,-939636.3,-66.45435,111.2416
2417332,-939621.2,-66.45424,111.2412
2417350,-939607.2,-66.45413,111.2408
2417369,-939593.2,-66.45403,111.2403
2417387,-939579,-66.45392,111.2399
2417406,-939564.8,-66.45381,111.2394
2417424,-939550.2,-66.4537,111.239
2417443,-939535.9,-66.4536,111.2386
2417461,-939521.9,-66.45349,111.2381
2417480,-939507.8,-66.45338,111.2377
2417498,-939493.5,-66.45328,111.2372
2417517,-939479.6,-66.45317,111.2368
2417535,-939464.8,-66.45306,111.2364
2417555,-939451.3,-66.45295,111.2359
2417574,-939436.9,-66.45284,111.2355
2417592,-939423.1,-66.45274,111.235
2417610,-939408.6,-66.45263,111.2346
2417629,-939394,-66.45252,111.2341
2417648,-939380.1,-66.45242,111.2337
2417666,-939365.6,-66.45231,111.2333
2417684,-939351.8,-66.4522,111.2328
2417703,-939337.3,-66.4521,111.2324
2417721,-939323.1,-66.45199,111.2319
2417740,-939308.6,-66.45188,111.2315
2417759,-939294.5,-66.45177,111.231
2417778,-939280.3,-66.45166,111.2306
2417796,-939265.8,-66.45155,111.2302
2417814,-939251.5,-66.45145,111.2297
2417833,-939237.2,-66.45134,111.2293
2417852,-939222.8,-66.45123,111.2288
2417870,-939208.1,-66.45113,111.2284
2417889,-939194.2,-66.45102,111.2279
2417907,-939179.6,-66.45091,111.2275
2417926,-939165.1,-66.45081,111.2271
2417945,-939150.9,-66.4507,111.2266
2417963,-939136.1,-66.45059,111.2262
2417982,-939121.8,-66.45049,111.2257
2418000,-939107.5,-66.45038,111.2253
2418019,-939092.7,-66.45027,111.2248
2418038,-939078.4,-66.45016,111.2244
2418057,-939063.9,-66.45005,111.2239
2418076,-939049.3,-66.44994,111.2235
2418094,-939034.5,-66.44984,111.223
2418112,-939020.2,-66.44974,111.2226
2418132,-939005.6,-66.44962,111.2221
2418150,-938990.9,-66.44952,111.2217
2418169,-938976.7,-66.44941,111.2212
2418188,-938961.8,-66.4493,111.2208
2418206,-938947.2,-66.4492,111.2203
2418224,-938931.9,-66.4491,111.2199
2418243,-938917.3,-66.44899,111.2194
2418262,-938902.8,-66.44888,111.219
2418280,-938887.8,-66.44878,111.2185
2418299,-938873.1,-66.44867,111.2181
2418318,-938858.8,-66.44856,111.2176
2418336,-938843.6,-66.44846,111.2171
2418355,-938828.8,-66.44835,111.2167
2418373,-938814.2,-66.44825,111.2162
2418392,-938799.5,-66.44814,111.2158
2418411,-938784.5,-66.44804,111.2153
2418430,-938769.6,-66.44793,111.2149
2418447,-938754.7,-66.44783,111.2144
2418466,-938739.9,-66.44772,111.214
2418484,-938724.8,-66.44762,111.2135
2418503,-938709.9,-66.44751,111.2131
2418521,-938694.4,-66.44741,111.2126
2418540,-938680.2,-66.4473,111.2122
2418558,-938664.9,-66.4472,111.2117
2418576,-938649.9,-66.4471,111.2112
2418595,-938634.9,-66.447,111.2108
2418613,-938619.6,-66.44689,111.2103
2418632,-938604.6,-66.44678,111.2099
2418650,-938590.1,-66.44669,111.2094
2418668,-938574.6,-66.44659,111.209
2418687,-938559.6,-66.44648,111.2085
2418705,-938544.8,-66.44637,111.208
2418724,-938529.3,-66.44627,111.2076
2418742,-938514.8,-66.44617,111.2071
2418760,-938499.1,-66.44607,111.2067
2418778,-938483.9,-66.44597,111.2062
2418796,-938469.3,-66.44586,111.2058
2418815,-938454.1,-66.44576,111.2053
2418834,-938439.1,-66.44566,111.2048
2418852,-938423.8,-66.44556,111.2044
2418870,-938408.4,-66.44546,111.2039
2418888,-938393.5,-66.44535,111.2035
2418906,-938378.6,-66.44525,111.203
2418925,-938363.6,-66.44514,111.2026
2418942,-938348,-66.44505,111.2021
2418960,-938332.9,-66.44495,111.2016
2418980,-938318.1,-66.44484,111.2012
2418997,-938302.4,-66.44474,111.2007
2419016,-938287.2,-66.44464,111.2003
2419035,-938272.4,-66.44453,111.1998
2419052,-938256.8,-66.44444,111.1993
2419070,-938241.4,-66.44434,111.1989
2419089,-938226.4,-66.44423,111.1984
2419107,-938211.1,-66.44413,111.198
2419125,-938195.8,-66.44403,111.1975
2419144,-938181.4,-66.44392,111.1971
2419162,-938166.2,-66.44382,111.1966
2419180,-938150.6,-66.44373,111.1961
2419198,-938134.6,-66.44363,111.1957
2419216,-938119.9,-66.44352,111.1952
2419235,-938104.9,-66.44342,111.1948
2419252,-938088.9,-66.44332,111.1943
2419271,-938073.4,-66.44322,111.1938
2419290,-938058.6,-66.44312,111.1934
2419308,-938043.5,-66.44302,111.1929
2419326,-938027.9,-66.44292,111.1925
2419344,-938012.4,-66.44282,111.192
2419361,-937997.2,-66.44272,111.1915
2419380,-937982.2,-66.44262,111.1911
2419398,-937966.4,-66.44251,111.1906
2419416,-937951.1,-66.44241,111.1901
2419434,-937935.8,-66.44231,111.1897
2419452,-937920.2,-66.44221,111.1892
2419470,-937904.6,-66.44212,111.1888
2419488,-937889.4,-66.44202,111.1883
2419506,-937873.7,-66.44192,111.1878
2419524,-937858,-66.44182,111.1874
2419543,-937842.6,-66.44172,111.1869
2419561,-937827.4,-66.44162,111.1864
2419579,-937811.6,-66.44152,111.186
2419597,-937796.1,-66.44142,111.1855
2419615,-937780.6,-66.44132,111.1851
2419632,-937765.1,-66.44122,111.1846
2419650,-937749.1,-66.44113,111.1841
2419669,-937733.8,-66.44103,111.1837
2419686,-937718,-66.44093,111.1832
2419704,-937702.4,-66.44083,111.1827
2419723,-937686.6,-66.44073,111.1823
2419740,-937670.6,-66.44064,111.1818
2419758,-937655.2,-66.44054,111.1813
2419776,-937639.6,-66.44044,111.1809
2419794,-937623.8,-66.44035,111.1804
2419812,-937607.9,-66.44025,111.1799
2419830,-937592.4,-66.44016,111.1795
2419848,-937576.8,-66.44006,111.179
2419864,-937560.4,-66.43996,111.1785
2419883,-937544.6,-66.43987,111.1781
2419901,-937528.7,-66.43977,111.1776
2419918,-937513,-66.43967,111.1771
2419937,-937497.6,-66.43958,111.1767
2419954,-937481.3,-66.43948,111.1762
2419972,-937465.8,-66.43938,111.1757
2419990,-937449.9,-66.43929,111.1753
2420007,-937433.6,-66.43919,111.1748
2420026,-937418.2,-66.43909,111.1743
2420042,-937402.1,-66.439,111.1739
2420060,-937386.8,-66.43891,111.1734
2420079,-937370.4,-66.43881,111.1729
2420096,-937354,-66.43872,111.1724
2420114,-937338.4,-66.43862,111.172
2420132,-937322.8,-66.43853,111.1715
2420149,-937307.1,-66.43843,111.171
2420167,-937291.1,-66.43834,111.1706
2420185,-937275.4,-66.43824,111.1701
2420202,-937259.3,-66.43815,111.1696
2420220,-937243.3,-66.43805,111.1692
2420238,-937227.7,-66.43796,111.1687
2420255,-937211.7,-66.43787,111.1682
2420273,-937196.3,-66.43777,111.1678
2420290,-937180,-66.43768,111.1673
2420308,-937164.2,-66.43758,111.1668
2420326,-937148.6,-66.43748,111.1664
2420344,-937132.3,-66.43739,111.1659
2420360,-937116.2,-66.43729,111.1654
2420378,-937100.2,-66.4372,111.165
2420396,-937085.2,-66.4371,111.1645
2420414,-937068.9,-66.43701,111.164
2420432,-937053.4,-66.43691,111.1636
2420450,-937037.1,-66.43682,111.1631
2420466,-937021.1,-66.43673,111.1626
2420485,-937005.1,-66.43663,111.1622
2420502,-936989.7,-66.43654,111.1617
2420520,-936974.1,-66.43644,111.1612
2420537,-936958.2,-66.43635,111.1608
2420555,-936942.2,-66.43625,111.1603
2420573,-936926.3,-66.43616,111.1598
2420590,-936910.2,-66.43607,111.1594
2420608,-936894.9,-66.43597,111.1589
2420625,-936878.2,-66.43587,111.1584
2420643,-936862.5,-66.43578,111.158
2420662,-936847.4,-66.43568,111.1575
2420677,-936831,-66.43559,111.157
2420696,-936815.1,-66.43549,111.1566
2420714,-936799.6,-66.4354,111.1561
2420731,-936783.8,-66.43531,111.1556
2420748,-936768,-66.43521,111.1552
2420766,-936751.7,-66.43512,111.1547
2420784,-936736,-66.43502,111.1542
2420802,-936720.5,-66.43493,111.1538
2420819,-936703.9,-66.43484,111.1533
2420836,-936688.2,-66.43474,111.1528
2420854,-936672.7,-66.43465,111.1524
2420871,-936656.9,-66.43456,111.1519
2420890,-936640.7,-66.43446,111.1514
2420908,-936625.4,-66.43436,111.151
2420925,-936609.4,-66.43427,111.1505
2420943,-936593.4,-66.43417,111.15
2420961,-936577.7,-66.43407,111.1496
2420977,-936561.6,-66.43398,111.1491
2420996,-936546.3,-66.43388,111.1486
2421013,-936529.9,-66.43379,111.1482
2421032,-936514.2,-66.43369,111.1477
2421049,-936498.2,-66.43359,111.1472
2421067,-936482.4,-66.4335,111.1468
2421085,-936466.8,-66.4334,111.1463
2421103,-936450.7,-66.4333,111.1458
2421120,-936434.7,-66.43321,111.1453
2421139,-936419.3,-66.43311,111.1449
2421156,-936403.2,-66.43301,111.1444
2421175,-936387.8,-66.43291,111.1439
2421192,-936371.2,-66.43282,111.1435
2421210,-936355.8,-66.43272,111.143
2421229,-936339.9,-66.43262,111.1425
2421247,-936324.1,-66.43253,111.1421
2421264,-936308.6,-66.43243,111.1416
2421283,-936292.9,-66.43233,111.1411
2421301,-936276.5,-66.43223,111.1407
2421319,-936261.2,-66.43213,111.1402
2421337,-936245.1,-66.43203,111.1397
2421355,-936229.5,-66.43193,111.1393
2421373,-936213.4,-66.43183,111.1388
2421392,-936197.9,-66.43173,111.1383
2421410,-936182.4,-66.43163,111.1378
2421428,-936167,-66.43153,111.1374
2421446,-936150.7,-66.43143,111.1369
2421465,-936135.2,-66.43133,111.1364
2421484,-936119.9,-66.43122,111.136
2421502,-936103.8,-66.43112,111.1355
2421520,-936088.1,-66.43102,111.135
2421539,-936072.6,-66.43092,111.1346
2421558,-936056.9,-66.43082,111.1341
2421575,-936040.9,-66.43072,111.1336
2421594,-936025.4,-66.43061,111.1331
2421613,-936009.7,-66.43051,111.1327
2421631,-935994.2,-66.4304,111.1322
2421650,-935978.2,-66.43031,111.1317
2421668,-935962.8,-66.4302,111.1313
2421687,-935946.7,-66.4301,111.1308
2421705,-935931.9,-66.42999,111.1303
2421724,-935916.1,-66.42989,111.1299
2421743,-935900.6,-66.42979,111.1294
2421761,-935884.6,-66.42968,111.1289
2421780,-935869.4,-66.42957,111.1285
2421798,-935853.3,-66.42947,111.128
2421818,-935837.9,-66.42937,111.1275
2421837,-935822.6,-66.42926,111.127
2421855,-935807.1,-66.42916,111.1266
2421874,-935791,-66.42905,111.1261
2421893,-935775.9,-66.42895,111.1256
2421911,-935760.4,-66.42884,111.1252
2421930,-935745.2,-66.42873,111.1247
2421950,-935729.2,-66.42863,111.1242
2421968,-935713.7,-66.42853,111.1238
2421987,-935698.2,-66.42842,111.1233
2422005,-935682.8,-66.42831,111.1228
2422025,-935666.8,-66.42821,111.1223
2422044,-935651.6,-66.4281,111.1219
2422062,-935636.2,-66.42799,111.1214
2422082,-935620.8,-66.42789,111.1209
2422100,-935605.2,-66.42778,111.1205
2422119,-935589.5,-66.42767,111.12
2422138,-935574.2,-66.42757,111.1195
2422157,-935558.9,-66.42746,111.1191
2422176,-935543.7,-66.42735,111.1186
2422195,-935527.9,-66.42725,111.1181
2422214,-935512.6,-66.42714,111.1177
2422234,-935496.9,-66.42702,111.1172
2422252,-935481.5,-66.42692,111.1167
2422271,-935465.9,-66.42681,111.1162
2422290,-935450.9,-66.4267,111.1158
2422309,-935434.8,-66.4266,111.1153
2422328,-935419.7,-66.42649,111.1148
2422348,-935404.2,-66.42638,111.1144
2422367,-935389.6,-66.42627,111.1139
2422386,-935373.7,-66.42616,111.1134
2422405,-935357.8,-66.42606,111.113
2422424,-935342.6,-66.42595,111.1125
2422444,-935327.7,-66.42583,111.112
2422462,-935311.6,-66.42573,111.1115
2422482,-935296.4,-66.42562,111.1111
2422501,-935281,-66.42551,111.1106
2422520,-935265.8,-66.4254,111.1102
2422540,-935250.4,-66.42529,111.1097
2422559,-935235.1,-66.42518,111.1092
2422578,-935219.8,-66.42507,111.1087
2422598,-935203.9,-66.42496,111.1083
2422616,-935188.6,-66.42485,111.1078
2422636,-935173.7,-66.42474,111.1073
2422656,-935158.4,-66.42463,111.1069
2422674,-935142.9,-66.42452,111.1064
2422694,-935127.7,-66.42441,111.1059
2422713,-935112,-66.4243,111.1055
2422731,-935096.5,-66.42419,111.105
2422752,-935081.3,-66.42408,111.1045
2422771,-935066.4,-66.42397,111.104
2422790,-935050.9,-66.42386,111.1036
2422809,-935035.7,-66.42375,111.1031
2422829,-935020.2,-66.42364,111.1026
2422848,-935005.1,-66.42352,111.1022
2422867,-934990.2,-66.42342,111.1017
2422887,-934974.9,-66.4233,111.1012
2422907,-934959.8,-66.42319,111.1008
2422926,-934944.4,-66.42308,111.1003
2422945,-934929.1,-66.42297,111.0998
2422964,-934914,-66.42286,111.0994
2422984,-934899,-66.42274,111.0989
2423004,-934883.6,-66.42263,111.0984
2423023,-934868.4,-66.42252,111.098
2423042,-934853.4,-66.42241,111.0975
2423062,-934838.2,-66.42229,111.097
2423080,-934823.4,-66.42219,111.0966
2423100,-934808.4,-66.42207,111.0961
2423120,-934792.9,-66.42196,111.0956
2423139,-934777.5,-66.42185,111.0952
2423158,-934762.9,-66.42174,111.0947
2423178,-934747.6,-66.42162,111.0943
2423198,-934732.5,-66.42151,111.0938
2423217,-934717.4,-66.4214,111.0933
2423236,-934702.4,-66.42129,111.0929
2423256,-934687.8,-66.42117,111.0924
2423276,-934672.9,-66.42106,111.0919
2423295,-934657.2,-66.42095,111.0915
2423314,-934642.4,-66.42084,111.091
2423334,-934627.6,-66.42072,111.0905
2423354,-934612,-66.42061,111.0901
2423372,-934597.2,-66.4205,111.0896
2423392,-934582,-66.42039,111.0891
2423412,-934567.1,-66.42027,111.0887
2423431,-934551.8,-66.42016,111.0882
2423451,-934536.9,-66.42004,111.0878
2423470,-934521.5,-66.41994,111.0873
2423490,-934506.2,-66.41982,111.0868
2423509,-934491.6,-66.41971,111.0864
2423529,-934476.7,-66.41959,111.0859
2423549,-934461.8,-66.41948,111.0854
2423569,-934446.6,-66.41936,111.085
2423588,-934431.9,-66.41925,111.0845
2423608,-934416.8,-66.41914,111.084
2423627,-934402.1,-66.41902,111.0836
2423647,-934386.9,-66.41891,111.0831
2423666,-934372,-66.41879,111.0826
2423686,-934357.2,-66.41868,111.0822
2423706,-934342.5,-66.41856,111.0817
2423726,-934327.6,-66.41845,111.0813
2423746,-934312.4,-66.41833,111.0808
2423765,-934297.4,-66.41822,111.0803
2423784,-934283.1,-66.41811,111.0799
2423805,-934267.9,-66.41798,111.0794
2423824,-934252.9,-66.41787,111.0789
2423844,-934238.2,-66.41776,111.0785
2423864,-934223.8,-66.41764,111.078
2423884,-934208.8,-66.41752,111.0776
2423903,-934193.9,-66.4174,111.0771
2423924,-934179.5,-66.41728,111.0766
2423944,-934164.7,-66.41717,111.0762
2423964,-934150.2,-66.41705,111.0757
2423984,-934135.6,-66.41693,111.0753
2424003,-934120.3,-66.41682,111.0748
2424024,-934106.1,-66.41669,111.0743
2424044,-934091.3,-66.41657,111.0739
2424064,-934076.7,-66.41646,111.0734
2424084,-934062.4,-66.41634,111.073
2424104,-934047.5,-66.41622,111.0725
2424124,-934033.2,-66.4161,111.072
2424143,-934018.2,-66.41599,111.0716
2424164,-934004.2,-66.41586,111.0711
2424184,-933989.2,-66.41574,111.0707
2424204,-933974.6,-66.41563,111.0702
2424224,-933960,-66.4155,111.0697
2424245,-933945.9,-66.41538,111.0693
2424266,-933931.2,-66.41526,111.0688
2424285,-933916.4,-66.41515,111.0684
2424305,-933901.9,-66.41502,111.0679
2424325,-933887.8,-66.4149,111.0675
2424346,-933873,-66.41478,111.067
2424366,-933858.6,-66.41466,111.0665
2424386,-933843.9,-66.41454,111.0661
2424406,-933829.8,-66.41442,111.0656
2424427,-933815.4,-66.4143,111.0652
2424446,-933800.8,-66.41418,111.0647
2424468,-933786.2,-66.41405,111.0642
2424488,-933771.8,-66.41393,111.0638
2424508,-933757.2,-66.41381,111.0633
2424528,-933742.8,-66.4137,111.0629
2424548,-933728.3,-66.41357,111.0624
2424570,-933714,-66.41344,111.062
2424589,-933699.2,-66.41333,111.0615
2424609,-933684.8,-66.41321,111.061
2424629,-933670.6,-66.41309,111.0606
2424649,-933655.9,-66.41296,111.0601
2424671,-933641.6,-66.41284,111.0597
2424690,-933627.2,-66.41272,111.0592
2424710,-933612.7,-66.4126,111.0587
2424732,-933598.6,-66.41247,111.0583
2424751,-933583.9,-66.41235,111.0578
2424772,-933569.6,-66.41223,111.0574
2424792,-933555.2,-66.41211,111.0569
2424814,-933540.9,-66.41198,111.0564
2424834,-933526.4,-66.41186,111.056
2424854,-933511.9,-66.41174,111.0555
2424875,-933498.1,-66.41161,111.0551
2424895,-933483.1,-66.41149,111.0546
2424915,-933468.9,-66.41137,111.0542
2424936,-933454.7,-66.41125,111.0537
2424957,-933440.2,-66.41112,111.0532
2424977,-933426,-66.411,111.0528
2424998,-933411.5,-66.41087,111.0523
2425018,-933397.2,-66.41075,111.0519
2425038,-933382.2,-66.41063,111.0514
2425060,-933369.1,-66.4105,111.051
2425079,-933354.2,-66.41038,111.0505
2425100,-933340.1,-66.41026,111.05
2425120,-933325.6,-66.41013,111.0496
2425141,-933311.3,-66.41001,111.0491
2425162,-933296.9,-66.40988,111.0487
2425182,-933283.1,-66.40976,111.0482
2425202,-933267.8,-66.40964,111.0478
2425224,-933254.1,-66.40951,111.0473
2425243,-933239.9,-66.40939,111.0469
2425264,-933225.6,-66.40926,111.0464
2425284,-933210.9,-66.40914,111.0459
2425306,-933196.8,-66.40901,111.0455
2425326,-933182.9,-66.40889,111.045
2425346,-933168.6,-66.40877,111.0446
2425368,-933154.3,-66.40864,111.0441
2425388,-933140.1,-66.40852,111.0437
2425408,-933125.9,-66.40839,111.0432
2425430,-933111.4,-66.40826,111.0427
2425450,-933097.2,-66.40814,111.0423
2425469,-933082.9,-66.40802,111.0418
2425490,-933068.9,-66.40789,111.0414
2425511,-933054.4,-66.40777,111.0409
2425532,-933040.4,-66.40764,111.0405
2425553,-933026.1,-66.40752,111.04
2425574,-933011.8,-66.40739,111.0396
2425594,-932997.8,-66.40726,111.0391
2425615,-932983.8,-66.40714,111.0386
2425636,-932969.7,-66.40701,111.0382
2425656,-932955.7,-66.40689,111.0377
2425678,-932941,-66.40676,111.0373
2425698,-932927.1,-66.40664,111.0368
2425718,-932912.9,-66.40652,111.0364
2425738,-932898.9,-66.40639,111.0359
2425760,-932884.2,-66.40627,111.0355
2425780,-932870.4,-66.40614,111.035
2425800,-932856.4,-66.40601,111.0346
2425820,-932842.2,-66.40589,111.0341
2425842,-932827.6,-66.40576,111.0336
2425863,-932814.1,-66.40563,111.0332
2425883,-932800.3,-66.40551,111.0327
2425904,-932786.1,-66.40538,111.0323
2425925,-932771.2,-66.40526,111.0318
2425946,-932757.8,-66.40513,111.0314
2425966,-932743.9,-66.40501,111.0309
2425987,-932729.8,-66.40488,111.0305
2426008,-932715.4,-66.40475,111.03
2426028,-932701.2,-66.40462,111.0296
2426048,-932687.5,-66.4045,111.0291
2426070,-932673.1,-66.40437,111.0286
2426090,-932658.8,-66.40425,111.0282
2426111,-932644.9,-66.40412,111.0277
2426131,-932631.1,-66.404,111.0273
2426152,-932617,-66.40387,111.0268
2426174,-932602.8,-66.40374,111.0264
2426194,-932589,-66.40362,111.0259
2426215,-932575.6,-66.40349,111.0255
2426236,-932560.9,-66.40336,111.025
2426256,-932547.1,-66.40324,111.0246
2426277,-932533.2,-66.40311,111.0241
2426298,-932519.1,-66.40298,111.0237
2426319,-932505,-66.40285,111.0232
2426339,-932490.9,-66.40273,111.0228
2426360,-932477.2,-66.4026,111.0223
2426380,-932463,-66.40248,111.0219
2426401,-932448.2,-66.40235,111.0214
2426422,-932434.6,-66.40222,111.021
2426442,-932420.7,-66.4021,111.0205
2426464,-932406.6,-66.40197,111.0201
2426486,-932392.8,-66.40184,111.0196
2426505,-932378.8,-66.40172,111.0191
2426526,-932365.1,-66.40159,111.0187
2426547,-932350.4,-66.40146,111.0182
2426568,-932336.6,-66.40134,111.0178
2426589,-932322.9,-66.40121,111.0173
2426609,-932308.4,-66.40108,111.0169
2426630,-932294.6,-66.40096,111.0164
2426651,-932280.8,-66.40083,111.016
2426672,-932267.1,-66.4007,111.0155
2426692,-932252.6,-66.40057,111.0151
2426714,-932238.8,-66.40044,111.0146
2426733,-932223.9,-66.40032,111.0142
2426755,-932210.9,-66.40019,111.0137
2426774,-932196.1,-66.40007,111.0133
2426796,-932182.2,-66.39994,111.0128
2426818,-932168.8,-66.39981,111.0124
2426838,-932154.7,-66.39969,111.0119
2426858,-932140.3,-66.39956,111.0115
2426879,-932126.4,-66.39943,111.011
2426900,-932112.7,-66.3993,111.0106
2426921,-932098.2,-66.39918,111.0101
2426942,-932084.1,-66.39905,111.0096
2426963,-932070.2,-66.39892,111.0092
2426984,-932056.5,-66.39879,111.0087
2427004,-932042.7,-66.39867,111.0083
2427026,-932028.2,-66.39854,111.0078
2427047,-932014.1,-66.39841,111.0074
2427068,-932000.3,-66.39828,111.0069
2427088,-931986.5,-66.39816,111.0065
2427109,-931972.1,-66.39803,111.006
2427130,-931958.1,-66.3979,111.0056
2427151,-931943.8,-66.39777,111.0051
2427172,-931929.8,-66.39764,111.0046
2427192,-931915.6,-66.39751,111.0042
2427214,-931901.8,-66.39738,111.0037
2427235,-931887.6,-66.39725,111.0033
2427256,-931873.5,-66.39713,111.0028
2427277,-931859.1,-66.397,111.0024
2427297,-931845.4,-66.39687,111.0019
2427318,-931831.2,-66.39674,111.0015
2427338,-931816.8,-66.39662,111.001
2427360,-931802.4,-66.39649,111.0005
2427382,-931788.8,-66.39636,111.0001
2427402,-931774.8,-66.39623,110.9996
2427423,-931760.6,-66.3961,110.9992
2427444,-931746.1,-66.39598,110.9987
2427465,-931732.1,-66.39585,110.9983
2427486,-931717.9,-66.39572,110.9978
2427507,-931703.9,-66.39559,110.9974
2427527,-931689.7,-66.39547,110.9969
2427548,-931675.9,-66.39534,110.9964
2427570,-931661.4,-66.39521,110.996
2427591,-931647.3,-66.39508,110.9955
2427611,-931632.9,-66.39496,110.9951
2427632,-931619.4,-66.39483,110.9946
2427653,-931605.2,-66.3947,110.9942
2427675,-931591.1,-66.39457,110.9937
2427695,-931576.7,-66.39445,110.9933
2427716,-931562.3,-66.39432,110.9928
2427737,-931549.1,-66.39419,110.9923
2427758,-931534.7,-66.39406,110.9919
2427779,-931520.8,-66.39393,110.9914
2427800,-931506.4,-66.3938,110.991
2427820,-931492.5,-66.39368,110.9905
2427842,-931478.2,-66.39355,110.9901
2427863,-931464.6,-66.39342,110.9896
2427884,-931450.4,-66.39329,110.9892
2427904,-931435.7,-66.39316,110.9887
2427926,-931422.2,-66.39303,110.9883
2427946,-931408.2,-66.39291,110.9878
2427967,-931393.9,-66.39278,110.9874
2427989,-931380.4,-66.39265,110.9869
2428009,-931366.2,-66.39252,110.9864
2428030,-931352.7,-66.39239,110.986
2428052,-931338.9,-66.39226,110.9855
2428072,-931324.1,-66.39213,110.9851
2428094,-931310.4,-66.392,110.9846
2428114,-931296.8,-66.39187,110.9842
2428136,-931282.7,-66.39174,110.9837
2428157,-931268.5,-66.39161,110.9833
2428178,-931254.9,-66.39148,110.9828
2428198,-931240.8,-66.39136,110.9824
2428220,-931226.8,-66.39123,110.9819
2428240,-931212.8,-66.3911,110.9815
2428262,-931199.1,-66.39097,110.981
2428282,-931184.8,-66.39084,110.9806
2428304,-931171.4,-66.39071,110.9801
2428325,-931157.2,-66.39058,110.9797
2428346,-931143.7,-66.39045,110.9792
2428367,-931129.5,-66.39032,110.9788
2428387,-931115.3,-66.3902,110.9783
2428409,-931101.9,-66.39006,110.9778
2428429,-931087.3,-66.38994,110.9774
2428450,-931073.6,-66.38981,110.9769
2428472,-931059.4,-66.38968,110.9765
2428492,-931045.6,-66.38955,110.976
2428514,-931031.8,-66.38942,110.9756
2428535,-931017.6,-66.38929,110.9751
2428556,-931003.5,-66.38916,110.9747
2428577,-930989.9,-66.38903,110.9742
2428597,-930975.4,-66.38891,110.9738
2428618,-930961.9,-66.38878,110.9733
2428640,-930947.4,-66.38865,110.9729
2428660,-930933.3,-66.38852,110.9724
2428682,-930919.5,-66.38839,110.972
2428701,-930904.8,-66.38827,110.9715
2428723,-930891.3,-66.38813,110.971
2428744,-930877.1,-66.38801,110.9706
2428765,-930863.1,-66.38788,110.9701
2428786,-930848.9,-66.38775,110.9697
2428808,-930835.2,-66.38762,110.9692
2428827,-930819.9,-66.3875,110.9688
2428848,-930806.5,-66.38737,110.9683
2428870,-930792.2,-66.38724,110.9678
2428891,-930777.8,-66.38711,110.9674
2428911,-930763.4,-66.38699,110.9669
2428932,-930749.9,-66.38686,110.9665
2428954,-930735.2,-66.38673,110.966
2428974,-930720.9,-66.3866,110.9656
2428995,-930706.2,-66.38647,110.9651
2429016,-930692.1,-66.38634,110.9646
2429038,-930677.7,-66.38622,110.9642
2429058,-930663.3,-66.38609,110.9637
2429079,-930649.2,-66.38596,110.9633
2429100,-930635.1,-66.38584,110.9628
2429120,-930620.1,-66.38571,110.9623
2429142,-930606.1,-66.38558,110.9619
2429162,-930591.1,-66.38546,110.9614
2429184,-930577.2,-66.38533,110.961
2429204,-930562.3,-66.38521,110.9605
2429226,-930548.4,-66.38508,110.96
2429245,-930533.4,-66.38496,110.9596
2429267,-930519.5,-66.38483,110.9591
2429287,-930504,-66.3847,110.9586
2429308,-930490.1,-66.38457,110.9582
2429329,-930475.1,-66.38445,110.9577
2429349,-930460.7,-66.38433,110.9573
2429371,-930446.1,-66.3842,110.9568
2429391,-930431.6,-66.38408,110.9563
2429412,-930416.8,-66.38396,110.9559
2429432,-930401.9,-66.38383,110.9554
2429453,-930387.1,-66.38371,110.9549
2429474,-930372.9,-66.38358,110.9545
2429494,-930358,-66.38346,110.954
2429515,-930342.8,-66.38334,110.9535
2429536,-930328.4,-66.38321,110.9531
2429556,-930313.7,-66.38309,110.9526
2429577,-930299.1,-66.38297,110.9521
2429598,-930283.8,-66.38284,110.9517
2429618,-930268.9,-66.38272,110.9512
2429638,-930254.1,-66.3826,110.9507
2429658,-930239.7,-66.38248,110.9503
2429680,-930225.1,-66.38235,110.9498
2429700,-930210,-66.38223,110.9493
2429720,-930195.2,-66.38211,110.9489
2429741,-930179.8,-66.38199,110.9484
2429762,-930164.9,-66.38187,110.9479
2429781,-930150.1,-66.38175,110.9475
2429801,-930135.2,-66.38163,110.947
2429822,-930120.2,-66.38151,110.9465
2429842,-930105.2,-66.38139,110.9461
2429863,-930090.1,-66.38126,110.9456
2429883,-930074.8,-66.38115,110.9451
2429904,-930059.8,-66.38103,110.9446
2429924,-930044.9,-66.38091,110.9442
2429943,-930029.8,-66.38079,110.9437
2429964,-930014.6,-66.38067,110.9432
2429984,-929999.9,-66.38055,110.9428
2430004,-929984.6,-66.38043,110.9423
2430024,-929969.6,-66.38031,110.9418
2430046,-929954.8,-66.38019,110.9414
2430065,-929939,-66.38007,110.9409
2430085,-929924.2,-66.37995,110.9404
2430106,-929909,-66.37984,110.9399
2430126,-929894.2,-66.37971,110.9395
2430146,-929878.4,-66.3796,110.939
2430166,-929863.4,-66.37948,110.9385
2430186,-929848.6,-66.37936,110.9381
2430206,-929833.3,-66.37924,110.9376
2430226,-929818.1,-66.37913,110.9371
2430246,-929802.6,-66.37901,110.9367
2430267,-929788,-66.37889,110.9362
2430286,-929773,-66.37877,110.9357
2430307,-929757.1,-66.37865,110.9352
2430326,-929741.9,-66.37853,110.9348
2430347,-929727.1,-66.37842,110.9343
2430367,-929712.1,-66.3783,110.9338
2430387,-929696.2,-66.37818,110.9334
2430407,-929681,-66.37807,110.9329
2430427,-929665.9,-66.37794,110.9324
2430448,-929650.9,-66.37783,110.9319
2430468,-929635.8,-66.37771,110.9315
2430487,-929620.6,-66.37759,110.931
2430508,-929605.4,-66.37747,110.9305
2430528,-929590.3,-66.37736,110.9301
2430548,-929575.6,-66.37724,110.9296
2430568,-929559.7,-66.37712,110.9291
2430588,-929544.7,-66.37701,110.9287
2430608,-929529.4,-66.37688,110.9282
2430628,-929514.6,-66.37677,110.9277
2430648,-929499.6,-66.37665,110.9273
2430668,-929484.8,-66.37653,110.9268
2430688,-929469.4,-66.37641,110.9263
2430708,-929453.8,-66.3763,110.9258
2430728,-929439.2,-66.37618,110.9254
2430748,-929424.1,-66.37606,110.9249
2430768,-929409.1,-66.37595,110.9245
2430788,-929394.2,-66.37582,110.924
2430808,-929378.9,-66.37571,110.9235
2430828,-929364,-66.3756,110.9231
2430848,-929348.8,-66.37547,110.9226
2430868,-929333.6,-66.37536,110.9221
2430888,-929318.8,-66.37524,110.9217
2430908,-929303.7,-66.37512,110.9212
2430928,-929289,-66.37501,110.9207
2430948,-929273.9,-66.37489,110.9203
2430968,-929258.9,-66.37477,110.9198
2430988,-929243.6,-66.37466,110.9193
2431008,-929228.8,-66.37453,110.9189
2431028,-929214.1,-66.37442,110.9184
2431048,-929199.1,-66.37431,110.9179
2431068,-929184.1,-66.37418,110.9175
2431087,-929168.8,-66.37407,110.917
2431107,-929154.1,-66.37395,110.9165
2431127,-929139.4,-66.37384,110.9161
2431147,-929124.7,-66.37372,110.9156
2431166,-929109.6,-66.3736,110.9152
2431186,-929094.6,-66.37349,110.9147
2431206,-929080.2,-66.37337,110.9142
2431226,-929064.9,-66.37325,110.9138
2431247,-929050.8,-66.37313,110.9133
2431266,-929035.7,-66.37302,110.9129
2431285,-929021,-66.3729,110.9124
2431306,-929006.2,-66.37278,110.9119
2431325,-928991.3,-66.37267,110.9115
2431346,-928977.1,-66.37254,110.911
2431365,-928961.8,-66.37243,110.9106
2431385,-928947.8,-66.37231,110.9101
2431405,-928933.2,-66.37219,110.9097
2431425,-928918.7,-66.37207,110.9092
2431445,-928903.7,-66.37196,110.9087
2431466,-928889.3,-66.37183,110.9083
2431484,-928874.8,-66.37172,110.9078
2431504,-928860.3,-66.3716,110.9074
2431524,-928845.6,-66.37148,110.9069
2431545,-928831.2,-66.37136,110.9065
2431564,-928816.5,-66.37125,110.906
2431585,-928802.1,-66.37112,110.9056
2431604,-928787.6,-66.371,110.9051
2431624,-928772.9,-66.37089,110.9046
2431644,-928758.7,-66.37077,110.9042
2431664,-928743.9,-66.37065,110.9037
2431684,-928728.9,-66.37053,110.9033
2431704,-928714.8,-66.37041,110.9028
2431724,-928700.4,-66.37029,110.9024
2431744,-928685.8,-66.37018,110.9019
2431764,-928671.1,-66.37006,110.9015
2431784,-928656.6,-66.36993,110.901
2431804,-928641.8,-66.36982,110.9005
2431824,-928627.4,-66.3697,110.9001
2431844,-928613.1,-66.36958,110.8996
2431864,-928598.5,-66.36946,110.8992
2431884,-928583.9,-66.36934,110.8987
2431904,-928569.1,-66.36922,110.8983
2431924,-928554.4,-66.3691,110.8978
2431944,-928540.5,-66.36898,110.8974
2431964,-928525.8,-66.36887,110.8969
2431984,-928511.3,-66.36874,110.8964
2432005,-928496.6,-66.36862,110.896
2432025,-928482.6,-66.3685,110.8955
2432045,-928467.9,-66.36839,110.8951
2432064,-928453.2,-66.36826,110.8946
2432084,-928438.7,-66.36814,110.8942
2432104,-928424.1,-66.36803,110.8937
2432124,-928410.1,-66.3679,110.8933
2432145,-928395.4,-66.36778,110.8928
2432166,-928381.2,-66.36766,110.8923
2432184,-928366.8,-66.36755,110.8919
2432205,-928351.7,-66.36742,110.8914
2432225,-928337.6,-66.3673,110.891
2432246,-928323.4,-66.36718,110.8905
2432264,-928308.4,-66.36707,110.8901
2432286,-928294.2,-66.36694,110.8896
2432306,-928280,-66.36682,110.8892
2432326,-928265.6,-66.3667,110.8887
2432346,-928251.6,-66.36658,110.8883
2432366,-928237.2,-66.36646,110.8878
2432386,-928222.4,-66.36634,110.8874
2432406,-928208.6,-66.36622,110.8869
2432426,-928194.4,-66.3661,110.8865
2432446,-928179.4,-66.36597,110.886
2432466,-928165.2,-66.36586,110.8855
2432486,-928151.1,-66.36574,110.8851
2432506,-928137.1,-66.36562,110.8847
2432527,-928122.8,-66.36549,110.8842
2432546,-928108.2,-66.36538,110.8837
2432566,-928094.4,-66.36526,110.8833
2432586,-928080.1,-66.36514,110.8829
2432606,-928065.8,-66.36501,110.8824
2432626,-928051.3,-66.3649,110.882
2432646,-928037.2,-66.36478,110.8815
2432666,-928023.5,-66.36465,110.8811
2432686,-928009,-66.36453,110.8806
2432705,-927994.9,-66.36442,110.8802
2432726,-927980.3,-66.3643,110.8797
2432746,-927966.9,-66.36417,110.8793
2432766,-927952.4,-66.36405,110.8788
2432785,-927937.9,-66.36394,110.8784
2432806,-927923.9,-66.36382,110.8779
2432826,-927909.6,-66.36369,110.8775
2432845,-927895.4,-66.36358,110.877
2432865,-927880.9,-66.36346,110.8766
2432884,-927866.9,-66.36334,110.8761
2432905,-927852.8,-66.36322,110.8757
2432924,-927838.3,-66.3631,110.8752
2432944,-927824.5,-66.36298,110.8748
2432964,-927810,-66.36286,110.8743
2432984,-927795.8,-66.36275,110.8739
2433004,-927781.8,-66.36263,110.8734
2433023,-927767.2,-66.36251,110.873
2433043,-927753.6,-66.36239,110.8726
2433064,-927738.9,-66.36227,110.8721
2433083,-927725,-66.36215,110.8717
2433102,-927710.6,-66.36204,110.8712
2433123,-927696.6,-66.36192,110.8708
2433143,-927682.2,-66.36179,110.8703
2433162,-927667.8,-66.36168,110.8699
2433182,-927653.2,-66.36156,110.8694
2433202,-927639.2,-66.36144,110.869
2433222,-927624.7,-66.36133,110.8685
2433240,-927610.5,-66.36121,110.8681
2433260,-927596,-66.36109,110.8676
2433280,-927581.3,-66.36098,110.8672
2433299,-927566.8,-66.36086,110.8667
2433319,-927552.6,-66.36075,110.8663
2433339,-927538.4,-66.36063,110.8658
2433358,-927523.8,-66.36051,110.8654
2433378,-927509.5,-66.3604,110.8649
2433398,-927494.8,-66.36028,110.8645
2433416,-927480.2,-66.36017,110.864
2433436,-927465,-66.36005,110.8635
2433455,-927450.5,-66.35995,110.8631
2433474,-927435.5,-66.35983,110.8626
2433493,-927421.2,-66.35972,110.8622
2433512,-927405.7,-66.35961,110.8617
2433532,-927390.9,-66.3595,110.8613
2433551,-927376.5,-66.35939,110.8608
2433570,-927361.2,-66.35928,110.8604
2433589,-927346.1,-66.35917,110.8599
2433609,-927331.1,-66.35905,110.8594
2433627,-927315.8,-66.35895,110.859
2433646,-927300.8,-66.35884,110.8585
2433665,-927285.4,-66.35873,110.8581
2433684,-927269.5,-66.35863,110.8576
2433702,-927254.9,-66.35852,110.8571
2433722,-927239.3,-66.35841,110.8567
2433740,-927223.6,-66.35831,110.8562
2433759,-927208.6,-66.3582,110.8557
2433778,-927193.2,-66.35809,110.8553
2433796,-927177.7,-66.35799,110.8548
2433814,-927161.4,-66.35789,110.8543
2433833,-927146.2,-66.35778,110.8539
2433851,-927130.3,-66.35768,110.8534
2433870,-927114.3,-66.35757,110.8529
2433890,-927099.2,-66.35747,110.8525
2433907,-927083.2,-66.35737,110.852
2433925,-927067.9,-66.35727,110.8515
2433944,-927051.5,-66.35716,110.8511
2433962,-927035.5,-66.35706,110.8506
2433980,-927019.7,-66.35696,110.8501
2433999,-927004.2,-66.35686,110.8497
2434018,-926988.2,-66.35676,110.8492
2434035,-926971.9,-66.35666,110.8487
2434054,-926956,-66.35656,110.8482
2434072,-926940.3,-66.35646,110.8478
2434091,-926923.9,-66.35635,110.8473
2434108,-926908.1,-66.35625,110.8468
2434127,-926891.9,-66.35616,110.8464
2434144,-926875.8,-66.35606,110.8459
2434163,-926859.6,-66.35596,110.8454
2434180,-926843.1,-66.35587,110.8449
2434198,-926827.5,-66.35577,110.8445
2434216,-926810.7,-66.35567,110.844
2434235,-926795.2,-66.35557,110.8435
2434254,-926778.9,-66.35547,110.843
2434270,-926762.2,-66.35538,110.8426
2434288,-926745.5,-66.35528,110.8421
2434307,-926729.4,-66.35518,110.8416
2434325,-926713.2,-66.35509,110.8411
2434342,-926696.9,-66.35499,110.8407
2434361,-926680.2,-66.35489,110.8402
2434378,-926664.1,-66.3548,110.8397
2434397,-926647.9,-66.3547,110.8392
2434414,-926630.9,-66.35461,110.8387
2434432,-926614.2,-66.35451,110.8383
2434450,-926598.2,-66.35442,110.8378
2434468,-926581.8,-66.35432,110.8373
2434486,-926565.2,-66.35423,110.8368
2434503,-926548.2,-66.35413,110.8363
2434520,-926531.8,-66.35403,110.8359
2434538,-926515.6,-66.35394,110.8354
2434556,-926498.9,-66.35385,110.8349
2434574,-926482.4,-66.35375,110.8344
2434591,-926465.4,-66.35366,110.8339
2434609,-926448.9,-66.35357,110.8335
2434626,-926431.9,-66.35348,110.833
2434644,-926415.5,-66.35339,110.8325
2434662,-926398.3,-66.35329,110.832
2434679,-926381.9,-66.3532,110.8315
2434698,-926365.1,-66.3531,110.8311
2434714,-926347.9,-66.35302,110.8306
2434731,-926331.4,-66.35293,110.8301
2434749,-926314.9,-66.35284,110.8296
2434766,-926297.3,-66.35275,110.8291
2434784,-926281.1,-66.35265,110.8286
2434801,-926264.1,-66.35256,110.8282
2434818,-926247.4,-66.35247,110.8277
2434836,-926230,-66.35238,110.8272
2434853,-926213.2,-66.35229,110.8267
2434870,-926196.1,-66.3522,110.8262
2434888,-926179.8,-66.35211,110.8258
2434905,-926162.7,-66.35202,110.8253
2434922,-926145.4,-66.35194,110.8248
2434940,-926128.9,-66.35184,110.8243
2434956,-926111.6,-66.35176,110.8238
2434974,-926094.2,-66.35167,110.8233
2434991,-926077.9,-66.35158,110.8228
2435008,-926060.2,-66.35149,110.8224
2435026,-926043.4,-66.3514,110.8219
2435043,-926026.5,-66.35132,110.8214
2435060,-926009.2,-66.35123,110.8209
2435076,-925992.4,-66.35114,110.8204
2435094,-925975.1,-66.35105,110.8199
2435111,-925958.3,-66.35097,110.8195
2435128,-925940.9,-66.35088,110.819
2435145,-925924.3,-66.35079,110.8185
2435161,-925906.9,-66.35071,110.818
2435179,-925889.9,-66.35062,110.8175
2435196,-925872.9,-66.35053,110.817
2435213,-925855.8,-66.35045,110.8166
2435230,-925838.8,-66.35036,110.8161
2435246,-925821.8,-66.35027,110.8156
2435263,-925804.4,-66.35019,110.8151
2435280,-925787.8,-66.35011,110.8146
2435298,-925770.7,-66.35001,110.8141
2435314,-925753.4,-66.34993,110.8137
2435331,-925736.6,-66.34985,110.8132
2435348,-925719.3,-66.34976,110.8127
2435366,-925702.2,-66.34967,110.8122
2435382,-925685.2,-66.34959,110.8117
2435398,-925667.9,-66.3495,110.8112
2435416,-925650.9,-66.34942,110.8108
2435432,-925633.5,-66.34933,110.8103
2435449,-925616.5,-66.34925,110.8098
2435465,-925599.2,-66.34917,110.8093
2435482,-925582.1,-66.34908,110.8088
2435499,-925565.2,-66.349,110.8083
2435515,-925547.8,-66.34892,110.8079
2435532,-925531,-66.34883,110.8074
2435549,-925513.5,-66.34874,110.8069
2435566,-925496.7,-66.34866,110.8064
2435582,-925479.1,-66.34858,110.8059
2435599,-925462.3,-66.3485,110.8055
2435616,-925445.3,-66.3484,110.805
2435632,-925428.6,-66.34832,110.8045
2435649,-925411.6,-66.34824,110.804
2435666,-925394.3,-66.34815,110.8035
2435683,-925377.1,-66.34807,110.803
2435699,-925360.1,-66.34798,110.8026
2435716,-925343.2,-66.3479,110.8021
2435732,-925326,-66.34782,110.8016
2435750,-925308.9,-66.34773,110.8011
2435766,-925291.8,-66.34765,110.8006
2435782,-925274.9,-66.34756,110.8002
2435799,-925258.2,-66.34748,110.7997
2435816,-925240.9,-66.3474,110.7992
2435832,-925223.6,-66.34731,110.7987
2435849,-925207.2,-66.34723,110.7982
2435866,-925189.6,-66.34715,110.7978
2435882,-925173.1,-66.34706,110.7973
2435899,-925156.1,-66.34698,110.7968
2435916,-925138.9,-66.34689,110.7963
2435932,-925121.6,-66.34681,110.7958
2435950,-925105,-66.34673,110.7954
2435966,-925087.8,-66.34664,110.7949
2435981,-925070.8,-66.34657,110.7944
2435998,-925053.9,-66.34647,110.7939
2436015,-925036.8,-66.3464,110.7934
2436031,-925019.8,-66.34631,110.793
2436048,-925003,-66.34623,110.7925
2436065,-924985.6,-66.34615,110.792
2436081,-924969,-66.34606,110.7915
2436097,-924951.8,-66.34598,110.7911
2436114,-924934.9,-66.34589,110.7906
2436131,-924918.4,-66.34581,110.7901
2436147,-924901,-66.34573,110.7896
2436164,-924883.9,-66.34564,110.7892
2436180,-924867.6,-66.34556,110.7887
2436197,-924850.2,-66.34547,110.7882
2436214,-924833.6,-66.34539,110.7877
2436230,-924816.5,-66.34531,110.7872
2436247,-924799.6,-66.34522,110.7868
2436264,-924782.9,-66.34514,110.7863
2436280,-924765.9,-66.34505,110.7858
2436296,-924748.8,-66.34497,110.7853
2436314,-924732.1,-66.34488,110.7849
2436331,-924715.7,-66.3448,110.7844
2436347,-924699.4,-66.34471,110.7839
2436364,-924682.4,-66.34463,110.7834
2436380,-924665.1,-66.34454,110.783
2436397,-924648.9,-66.34446,110.7825
2436414,-924632.1,-66.34437,110.782
2436430,-924615.1,-66.34428,110.7815
2436447,-924598.3,-66.3442,110.7811
2436463,-924581.3,-66.34412,110.7806
2436480,-924565.1,-66.34403,110.7801
2436497,-924548.6,-66.34394,110.7797
2436514,-924531.6,-66.34386,110.7792
2436530,-924514.8,-66.34377,110.7787
2436547,-924498,-66.34369,110.7782
2436564,-924481.9,-66.34361,110.7778
2436581,-924464.9,-66.34351,110.7773
2436597,-924448.4,-66.34343,110.7768
2436613,-924431.6,-66.34335,110.7763
2436632,-924414.9,-66.34325,110.7759
2436648,-924398.4,-66.34317,110.7754
2436664,-924381.9,-66.34309,110.7749
2436680,-924365.4,-66.343,110.7745
2436698,-924349,-66.34291,110.774
2436715,-924332.2,-66.34283,110.7735
2436731,-924315.8,-66.34274,110.773
2436747,-924299.3,-66.34266,110.7726
2436764,-924282.8,-66.34258,110.7721
2436780,-924266.4,-66.34248,110.7716
2436797,-924250.2,-66.3424,110.7712
2436814,-924233.5,-66.34232,110.7707
2436830,-924216.8,-66.34223,110.7702
2436846,-924200.4,-66.34215,110.7698
2436864,-924184.6,-66.34206,110.7693
2436880,-924168.2,-66.34197,110.7688
2436896,-924151.4,-66.34189,110.7684
2436913,-924134.6,-66.3418,110.7679
2436930,-924118.4,-66.34172,110.7674
2436946,-924102.2,-66.34164,110.767
2436963,-924085.9,-66.34155,110.7665
2436980,-924069.1,-66.34146,110.766
2436995,-924053.1,-66.34138,110.7656
2437012,-924036.6,-66.34129,110.7651
2437028,-924020.1,-66.34121,110.7646
2437044,-924003.9,-66.34113,110.7642
2437062,-923987.9,-66.34104,110.7637
2437078,-923971.3,-66.34096,110.7633
2437094,-923955.1,-66.34087,110.7628
2437110,-923938.8,-66.34079,110.7623
2437126,-923922.8,-66.34071,110.7619
2437144,-923906.3,-66.34061,110.7614
2437160,-923890.8,-66.34053,110.761
2437176,-923873.9,-66.34045,110.7605
2437192,-923857.8,-66.34036,110.76
2437209,-923841.3,-66.34028,110.7596
2437225,-923825.4,-66.34019,110.7591
2437241,-923809.4,-66.34011,110.7587
2437257,-923793.1,-66.34003,110.7582
2437274,-923776.8,-66.33994,110.7577
2437290,-923760.6,-66.33987,110.7573
2437306,-923744.9,-66.33978,110.7568
2437322,-923728.4,-66.3397,110.7564
2437338,-923712.5,-66.33961,110.7559
2437354,-923696.2,-66.33953,110.7555
2437371,-923680.1,-66.33945,110.755
2437387,-923664.8,-66.33936,110.7545
2437404,-923648.2,-66.33928,110.7541
2437419,-923632.4,-66.3392,110.7536
2437434,-923615.9,-66.33912,110.7532
2437450,-923600.1,-66.33904,110.7527
2437467,-923584.5,-66.33895,110.7523
2437484,-923568.2,-66.33887,110.7518
2437498,-923552.3,-66.33879,110.7514
2437516,-923536.6,-66.33871,110.7509
2437531,-923520.9,-66.33862,110.7505
2437546,-923504.4,-66.33855,110.75
2437562,-923489.2,-66.33846,110.7496
2437579,-923473.3,-66.33838,110.7491
2437594,-923457.1,-66.3383,110.7487
2437610,-923441.5,-66.33822,110.7482
2437625,-923425.9,-66.33814,110.7478
2437642,-923410.6,-66.33806,110.7473
2437657,-923394.4,-66.33798,110.7469
2437672,-923378.8,-66.3379,110.7465
2437687,-923363.1,-66.33782,110.746
2437704,-923347.6,-66.33774,110.7456
2437718,-923331.4,-66.33766,110.7451
2437734,-923315.8,-66.33759,110.7447
2437749,-923300.5,-66.33751,110.7442
2437765,-923284.1,-66.33743,110.7438
2437779,-923269,-66.33736,110.7434
2437795,-923253.1,-66.33728,110.7429
2437810,-923237.1,-66.3372,110.7425
2437826,-923221.8,-66.33713,110.742
2437840,-923206.1,-66.33705,110.7416
2437855,-923190.3,-66.33698,110.7412
2437870,-923174.1,-66.33691,110.7407
2437884,-923158.3,-66.33684,110.7403
2437900,-923143.6,-66.33676,110.7398
2437914,-923127.6,-66.33669,110.7394
2437928,-923110.9,-66.33662,110.739
2437944,-923095.6,-66.33655,110.7385
2437958,-923079.8,-66.33648,110.7381
2437972,-923063.9,-66.33641,110.7376
2437986,-923048,-66.33634,110.7372
2438000,-923032.1,-66.33627,110.7368
2438016,-923016.6,-66.3362,110.7363
2438029,-923001.1,-66.33614,110.7359
2438044,-922984.8,-66.33606,110.7355
2438058,-922969.6,-66.336,110.735
2438072,-922953.8,-66.33593,110.7346
2438086,-922938.6,-66.33586,110.7342
2438100,-922922.6,-66.33579,110.7337
2438114,-922907,-66.33572,110.7333
2438128,-922891.5,-66.33566,110.7329
2438143,-922875.6,-66.33559,110.7325
2438156,-922860.3,-66.33553,110.732
2438170,-922845.1,-66.33546,110.7316
2438184,-922829.6,-66.33539,110.7312
2438198,-922813.9,-66.33532,110.7308
2438212,-922798.6,-66.33526,110.7303
2438225,-922783.6,-66.33519,110.7299
2438240,-922768.4,-66.33513,110.7295
2438254,-922753.1,-66.33506,110.7291
2438268,-922737.8,-66.33499,110.7286
2438281,-922722.5,-66.33493,110.7282
2438295,-922707.8,-66.33486,110.7278
2438308,-922692.1,-66.33479,110.7274
2438321,-922676.8,-66.33473,110.727
2438336,-922662.2,-66.33466,110.7266
2438350,-922647.9,-66.33459,110.7262
2438362,-922631.7,-66.33453,110.7257
2438376,-922617,-66.33447,110.7253
2438391,-922602.3,-66.3344,110.7249
2438404,-922587.7,-66.33434,110.7245
2438418,-922572.9,-66.33427,110.7241
2438430,-922557.9,-66.3342,110.7237
2438444,-922543.2,-66.33414,110.7233
2438458,-922528.2,-66.33407,110.7229
2438472,-922514.1,-66.334,110.7225
2438485,-922499.1,-66.33394,110.722
2438499,-922484.4,-66.33387,110.7216
2438513,-922469.9,-66.3338,110.7212
2438526,-922455,-66.33374,110.7208
2438540,-922440.9,-66.33367,110.7204
2438553,-922426.4,-66.3336,110.72
2438566,-922411.6,-66.33354,110.7196
2438580,-922397.4,-66.33347,110.7192
2438593,-922383.1,-66.33341,110.7188
2438607,-922368.3,-66.33334,110.7184
2438620,-922353.9,-66.33327,110.718
2438633,-922339.8,-66.33321,110.7176
2438647,-922325.4,-66.33315,110.7172
2438660,-922310.9,-66.33308,110.7168
2438674,-922296.3,-66.33302,110.7164
2438686,-922282.1,-66.33295,110.716
2438700,-922267.9,-66.33289,110.7156
2438713,-922253.6,-66.33282,110.7152
2438726,-922239.1,-66.33276,110.7148
2438740,-922225,-66.33269,110.7144
2438753,-922210.9,-66.33263,110.714
2438766,-922196.6,-66.33257,110.7136
2438780,-922182.4,-66.3325,110.7132
2438793,-922168.6,-66.33243,110.7129
2438806,-922154.4,-66.33237,110.7125
2438820,-922140.3,-66.3323,110.7121
2438832,-922126.2,-66.33224,110.7117
2438846,-922112.4,-66.33217,110.7113
2438858,-922098.3,-66.33211,110.7109
2438872,-922084.5,-66.33204,110.7105
2438885,-922071.2,-66.33197,110.7101
2438898,-922057.1,-66.33191,110.7097
2438911,-922043.6,-66.33184,110.7094
2438924,-922029.5,-66.33178,110.709
2438938,-922015.6,-66.33171,110.7086
2438951,-922002.2,-66.33164,110.7082
2438964,-921988.5,-66.33158,110.7078
2438977,-921975,-66.33151,110.7074
2438990,-921961.1,-66.33144,110.7071
2439003,-921947.9,-66.33138,110.7067
2439016,-921934.3,-66.33131,110.7063
2439030,-921920.6,-66.33125,110.7059
2439042,-921907.2,-66.33118,110.7056
2439056,-921894,-66.33112,110.7052
2439069,-921880.5,-66.33105,110.7048
2439082,-921867.5,-66.33098,110.7044
2439095,-921854,-66.33092,110.704
2439108,-921841.1,-66.33085,110.7037
2439121,-921827.2,-66.33078,110.7033
2439134,-921814.5,-66.33071,110.7029
2439147,-921801.1,-66.33065,110.7026
2439160,-921788.2,-66.33058,110.7022
2439173,-921774.4,-66.33051,110.7018
2439186,-921762.1,-66.33044,110.7014
2439200,-921749.1,-66.33038,110.7011
2439212,-921735.8,-66.33031,110.7007
2439225,-921722.6,-66.33025,110.7003
2439238,-921709.6,-66.33018,110.7
2439252,-921696.6,-66.33011,110.6996
2439264,-921684.3,-66.33004,110.6992
2439279,-921671,-66.32997,110.6989
2439292,-921658,-66.3299,110.6985
2439305,-921645.7,-66.32983,110.6981
2439316,-921632.3,-66.32977,110.6978
2439330,-921619.4,-66.3297,110.6974
2439344,-921606.8,-66.32964,110.697
2439356,-921594.1,-66.32957,110.6967
2439370,-921581.6,-66.3295,110.6963
2439383,-921568.8,-66.32943,110.6959
2439396,-921556.1,-66.32936,110.6956
2439409,-921543.4,-66.32929,110.6952
2439422,-921530.9,-66.32922,110.6949
2439435,-921518.3,-66.32915,110.6945
2439448,-921505.8,-66.32909,110.6941
2439461,-921493.2,-66.32902,110.6938
2439475,-921481.1,-66.32894,110.6934
2439488,-921468.7,-66.32887,110.6931
2439501,-921456.2,-66.3288,110.6927
2439514,-921443.7,-66.32874,110.6924
2439526,-921430.9,-66.32867,110.692
2439539,-921418.8,-66.3286,110.6917
2439552,-921406.8,-66.32853,110.6913
2439567,-921394.6,-66.32845,110.6909
2439580,-921382.3,-66.32838,110.6906
2439593,-921369.9,-66.32832,110.6902
2439606,-921358,-66.32824,110.6899
2439619,-921346,-66.32817,110.6895
2439632,-921333.2,-66.3281,110.6892
2439646,-921321.4,-66.32803,110.6888
2439658,-921309.6,-66.32796,110.6885
2439673,-921298.1,-66.32788,110.6881
2439685,-921285.6,-66.32781,110.6878
2439699,-921274.2,-66.32774,110.6874
2439712,-921261.4,-66.32767,110.6871
2439726,-921249.6,-66.32759,110.6867
2439739,-921238,-66.32751,110.6864
2439753,-921226.6,-66.32745,110.686
2439766,-921214.4,-66.32737,110.6857
2439780,-921202.6,-66.32729,110.6853
2439793,-921191.1,-66.32722,110.685
2439807,-921179.6,-66.32714,110.6847
2439820,-921167.8,-66.32706,110.6843
2439834,-921155.9,-66.32699,110.684
2439847,-921144.4,-66.32691,110.6836
2439862,-921133.1,-66.32684,110.6833
2439875,-921121.6,-66.32676,110.6829
2439889,-921110.5,-66.32668,110.6826
2439903,-921098.6,-66.3266,110.6823
2439916,-921087.8,-66.32652,110.6819
2439931,-921076.4,-66.32644,110.6816
2439944,-921065,-66.32636,110.6812
2439958,-921054,-66.32628,110.6809
2439972,-921042.9,-66.3262,110.6806
2439986,-921031.8,-66.32612,110.6802
2440000,-921020.8,-66.32604,110.6799
2440014,-921009.4,-66.32596,110.6796
2440028,-920998.9,-66.32587,110.6792
2440042,-920988.4,-66.32579,110.6789
2440056,-920977.4,-66.32571,110.6786
2440070,-920966.6,-66.32563,110.6782
2440084,-920956.1,-66.32555,110.6779
2440099,-920945.4,-66.32545,110.6776
2440113,-920934.9,-66.32537,110.6773
2440127,-920924.2,-66.32529,110.6769
2440141,-920913.9,-66.3252,110.6766
2440156,-920903.6,-66.32512,110.6763
2440170,-920893.3,-66.32503,110.676
2440184,-920883.1,-66.32494,110.6756
2440198,-920872.8,-66.32486,110.6753
2440213,-920862.7,-66.32477,110.675
2440228,-920852.5,-66.32468,110.6747
2440242,-920842.6,-66.32459,110.6744
2440256,-920832.7,-66.32451,110.674
2440271,-920822.2,-66.32442,110.6737
2440286,-920812.6,-66.32433,110.6734
2440301,-920803.1,-66.32423,110.6731
2440314,-920793.4,-66.32415,110.6728
2440329,-920783.2,-66.32406,110.6725
2440344,-920773.6,-66.32397,110.6721
2440359,-920764.1,-66.32388,110.6718
2440374,-920754.6,-66.32378,110.6715
2440388,-920744.4,-66.32369,110.6712
2440404,-920735.7,-66.32359,110.6709
2440418,-920726.1,-66.3235,110.6706
2440433,-920716.3,-66.32341,110.6703
2440447,-920706.8,-66.32332,110.67
2440462,-920697.2,-66.32323,110.6697
2440478,-920688.4,-66.32313,110.6694
2440492,-920679.2,-66.32304,110.6691
2440508,-920670,-66.32294,110.6687
2440522,-920660.6,-66.32285,110.6684
2440538,-920651.8,-66.32275,110.6681
2440552,-920642.4,-66.32265,110.6678
2440568,-920633.6,-66.32256,110.6675
2440583,-920624.8,-66.32246,110.6672
2440597,-920615.2,-66.32236,110.6669
2440613,-920606.6,-66.32227,110.6666
2440629,-920597.8,-66.32217,110.6663
2440644,-920589.4,-66.32207,110.666
2440658,-920580.8,-66.32197,110.6657
2440674,-920571.4,-66.32187,110.6654
2440689,-920563.1,-66.32177,110.6651
2440705,-920554.7,-66.32167,110.6648
2440720,-920545.9,-66.32157,110.6646
2440736,-920537.4,-66.32146,110.6643
2440750,-920529.4,-66.32137,110.664
2440766,-920521.1,-66.32127,110.6637
2440782,-920513.4,-66.32116,110.6634
2440798,-920505.2,-66.32105,110.6631
2440813,-920497.2,-66.32095,110.6628
2440828,-920489.3,-66.32085,110.6625
2440844,-920481.8,-66.32074,110.6623
2440860,-920474,-66.32064,110.662
2440876,-920466.1,-66.32053,110.6617
2440892,-920458.7,-66.32043,110.6614
2440908,-920451,-66.32032,110.6611
2440923,-920443.4,-66.32021,110.6609
2440939,-920435.8,-66.32011,110.6606
2440954,-920429.1,-66.32,110.6603
2440970,-920421.9,-66.31989,110.6601
2440986,-920414.6,-66.31978,110.6598
2441002,-920407.8,-66.31967,110.6595
2441017,-920400.7,-66.31956,110.6593
2441034,-920394,-66.31945,110.659
2441050,-920387.7,-66.31934,110.6587
2441065,-920380.6,-66.31923,110.6585
2441081,-920374.2,-66.31912,110.6582
2441097,-920367.8,-66.31901,110.658
2441113,-920361.4,-66.31889,110.6577
2441129,-920355.2,-66.31878,110.6575
2441146,-920349.2,-66.31866,110.6572
2441162,-920342.8,-66.31856,110.657
2441177,-920336.6,-66.31844,110.6567
2441193,-920331.1,-66.31833,110.6565
2441210,-920325,-66.31821,110.6562
2441226,-920319.1,-66.3181,110.656
2441241,-920313.2,-66.31799,110.6557
2441257,-920308,-66.31787,110.6555
2441274,-920302.9,-66.31775,110.6553
2441290,-920297.2,-66.31763,110.655
2441305,-920291.6,-66.31752,110.6548
2441322,-920286.3,-66.31741,110.6546
2441338,-920281.4,-66.31729,110.6543
2441354,-920276.4,-66.31717,110.6541
2441370,-920271.4,-66.31705,110.6539
2441386,-920266.5,-66.31694,110.6536
2441403,-920262.2,-66.31682,110.6534
2441418,-920256.9,-66.3167,110.6532
2441434,-920252.9,-66.31658,110.653
2441450,-920248,-66.31647,110.6528
2441466,-920243.9,-66.31635,110.6526
2441482,-920238.9,-66.31622,110.6523
2441498,-920235,-66.31611,110.6521
2441514,-920230.9,-66.31599,110.6519
2441531,-920226.7,-66.31586,110.6517
2441547,-920222.8,-66.31574,110.6515
2441562,-920219.3,-66.31563,110.6513
2441579,-920215.5,-66.3155,110.6511
2441594,-920211.4,-66.31538,110.6509
2441611,-920208,-66.31526,110.6507
2441627,-920204.8,-66.31514,110.6505
2441643,-920201.1,-66.31502,110.6503
2441658,-920197.6,-66.3149,110.6501
2441675,-920194.6,-66.31477,110.6499
2441691,-920192,-66.31465,110.6497
2441707,-920188.8,-66.31452,110.6496
2441724,-920186.1,-66.3144,110.6494
2441740,-920182.6,-66.31428,110.6492
2441756,-920179.7,-66.31416,110.649
2441772,-920177.6,-66.31403,110.6488
2441788,-920174.8,-66.3139,110.6487
2441804,-920171.9,-66.31378,110.6485
2441820,-920170.1,-66.31365,110.6483
2441837,-920167.8,-66.31352,110.6481
2441852,-920165.1,-66.3134,110.648
2441868,-920163.1,-66.31328,110.6478
2441884,-920161.2,-66.31315,110.6476
2441901,-920159.3,-66.31302,110.6475
2441916,-920157.1,-66.3129,110.6473
2441933,-920155.5,-66.31277,110.6471
2441948,-920153.8,-66.31264,110.647
2441965,-920151.9,-66.31251,110.6468
2441981,-920150.4,-66.31238,110.6467
2441998,-920149.5,-66.31225,110.6465
2442014,-920147.6,-66.31212,110.6463
2442030,-920146.6,-66.31199,110.6462
2442047,-920145.6,-66.31186,110.646
2442062,-920143.9,-66.31173,110.6459
2442078,-920143.2,-66.3116,110.6458
2442094,-920142.1,-66.31147,110.6456
2442110,-920140.9,-66.31134,110.6455
2442126,-920140.3,-66.31121,110.6453
2442143,-920139.6,-66.31107,110.6452
2442159,-920139,-66.31094,110.645
2442175,-920138.3,-66.31081,110.6449
2442192,-920138.1,-66.31068,110.6448
2442208,-920137.6,-66.31054,110.6446
2442224,-920137.6,-66.31041,110.6445
2442240,-920137.4,-66.31028,110.6444
2442257,-920137.8,-66.31014,110.6443
2442274,-920137.8,-66.31001,110.6441
2442290,-920137.5,-66.30988,110.644
2442306,-920138.1,-66.30974,110.6439
2442322,-920138.6,-66.3096,110.6438
2442339,-920138.5,-66.30946,110.6436
2442355,-920138.9,-66.30933,110.6435
2442370,-920139.8,-66.3092,110.6434
2442388,-920141.2,-66.30905,110.6433
2442403,-920141.2,-66.30892,110.6432
2442420,-920142.1,-66.30878,110.6431
2442436,-920143.5,-66.30865,110.643
